1 : 100 3 97 21 23 49 13 
2 : 4 87 73 75 17 96 
3 : 4 1 32 
4 : 3 2 37 91 29 
5 : 96 36 
6 : 17 79 
7 : 82 33 39 72 
8 : 9 89 20 
9 : 8 23 43 46 100 
10 : 86 47 62 83 
11 : 19 62 
12 : 88 18 38 65 
13 : 14 1 
14 : 13 20 63 37 99 
15 : 26 81 64 35 91 
16 : 18 28 29 34 93 
17 : 6 68 53 2 57 
18 : 16 12 72 
19 : 20 11 70 40 
20 : 19 14 83 8 58 24 
21 : 1 69 86 52 
22 : 24 54 
23 : 9 1 59 
24 : 22 27 66 71 20 49 
25 : 79 32 61 80 98 
26 : 15 30 73 94 
27 : 24 37 64 89 
28 : 29 16 60 
29 : 28 66 4 16 65 
30 : 32 26 38 
31 : 32 60 
32 : 31 30 25 3 92 58 59 
33 : 35 7 
34 : 42 16 
35 : 33 69 15 64 67 
36 : 42 39 5 46 
37 : 39 4 27 42 68 14 
38 : 30 12 69 80 
39 : 37 41 36 7 
40 : 41 19 
41 : 40 39 55 88 74 
42 : 43 44 34 36 37 95 
43 : 42 77 9 83 63 81 
44 : 45 42 59 53 
45 : 44 93 57 
46 : 47 56 36 9 73 79 
47 : 46 49 10 68 
48 : 54 87 
49 : 47 1 24 
50 : 52 86 
51 : 53 72 
52 : 50 56 77 21 99 
53 : 51 17 44 100 69 71 
54 : 22 48 94 86 
55 : 41 94 66 
56 : 58 52 46 
57 : 58 45 17 66 
58 : 57 59 56 20 32 
59 : 58 44 23 32 74 
60 : 61 62 28 31 86 
61 : 60 25 99 66 
62 : 60 64 10 11 90 
63 : 14 78 80 43 
64 : 62 27 15 35 
65 : 71 82 12 29 
66 : 29 24 55 61 57 76 78 
67 : 68 97 35 
68 : 67 17 37 47 
69 : 35 21 92 38 53 
70 : 91 19 89 
71 : 65 24 53 
72 : 51 86 18 7 
73 : 2 26 46 
74 : 75 41 59 
75 : 74 2 83 
76 : 88 66 
77 : 43 52 86 83 
78 : 63 66 
79 : 80 25 83 6 46 
80 : 79 63 25 38 
81 : 15 85 43 
82 : 7 65 96 
83 : 20 79 10 43 75 77 
84 : 85 86 94 
85 : 84 87 81 
86 : 84 10 50 72 21 54 77 60 
87 : 88 85 89 2 48 
88 : 87 90 12 76 41 
89 : 87 91 8 27 70 
90 : 91 88 62 
91 : 90 89 70 4 15 
92 : 94 69 32 
93 : 94 45 16 
94 : 93 92 54 55 84 26 
95 : 97 42 
96 : 97 5 82 2 
97 : 96 95 99 1 67 
98 : 99 25 
99 : 98 97 61 52 14 
100 : 1 53 9 
