1 : 73 45 35 80 
2 : 65 46 33 36 53 
3 : 28 37 46 9 
4 : 5 6 36 
5 : 4 7 63 19 24 21 59 60 
6 : 4 36 65 49 100 
7 : 5 17 68 88 
8 : 10 26 
9 : 10 21 25 3 43 30 44 
10 : 9 8 41 62 39 
11 : 69 50 26 38 54 
12 : 14 81 27 93 
13 : 99 61 69 16 
14 : 12 67 66 85 
15 : 16 19 
16 : 15 17 85 13 
17 : 16 7 72 18 
18 : 19 50 17 22 
19 : 18 5 15 43 50 68 
20 : 21 35 83 
21 : 20 9 93 5 
22 : 40 30 18 92 69 
23 : 25 48 31 92 73 
24 : 5 35 81 
25 : 23 27 9 90 77 
26 : 8 72 11 
27 : 25 29 12 60 
28 : 3 48 80 76 
29 : 27 31 82 42 
30 : 22 48 9 
31 : 29 23 36 
32 : 58 73 
33 : 34 2 
34 : 33 52 99 74 97 
35 : 20 24 1 
36 : 6 4 31 2 90 
37 : 39 3 94 40 
38 : 63 51 11 42 55 
39 : 37 70 10 42 
40 : 22 46 37 
41 : 42 10 74 
42 : 41 29 55 88 39 38 
43 : 44 9 19 93 46 74 
44 : 43 55 73 84 86 9 
45 : 47 83 1 64 
46 : 40 3 53 2 43 72 94 
47 : 48 45 49 79 86 
48 : 47 23 28 30 90 62 
49 : 50 47 6 
50 : 49 18 11 19 
51 : 38 58 
52 : 54 34 88 89 
53 : 46 2 
54 : 52 87 11 
55 : 44 42 74 38 
56 : 65 87 
57 : 79 100 77 98 
58 : 59 60 32 87 51 
59 : 58 67 5 
60 : 58 27 5 78 
61 : 63 13 
62 : 10 69 70 48 
63 : 61 65 5 38 96 95 
64 : 77 98 45 70 
65 : 66 63 2 56 6 81 99 
66 : 65 68 14 72 87 
67 : 69 14 59 79 81 
68 : 66 7 19 
69 : 67 11 62 13 22 91 
70 : 39 62 64 
71 : 98 93 
72 : 17 26 66 46 
73 : 1 44 32 23 
74 : 55 91 34 41 43 
75 : 77 84 
76 : 78 98 28 83 
77 : 75 64 90 57 25 
78 : 76 95 60 
79 : 57 67 47 98 
80 : 28 1 
81 : 12 67 65 24 
82 : 83 29 99 
83 : 82 84 45 20 76 
84 : 83 86 75 44 
85 : 16 14 95 
86 : 84 44 47 
87 : 54 58 56 66 
88 : 90 52 42 7 
89 : 90 52 
90 : 89 88 77 25 48 36 
91 : 74 69 
92 : 94 23 22 
93 : 21 43 71 12 
94 : 92 37 46 
95 : 97 78 63 85 
96 : 97 98 63 
97 : 96 98 95 34 
98 : 97 96 71 76 64 79 57 
99 : 13 34 82 65 
100 : 57 6 
