1 : 2,1 6,12 7,20
2 : 1,1 5,5 3,10 
3 : 2,10 4,14
4 : 3,14 5,15
5 : 4,15 2,5 6,13
6 : 5,13 1,12
7 : 1,20 8,16 9,3
8 : 7,16 9,17
9 : 7,3 8,17 10,57
10 : 11,22 13,2 9,57
11 : 10,22 13,24 12,23
12 : 11,23 13,21
13 : 12,21 11,24 10,2 14,54
14 : 13,54 18,47 17,33 15,36
15 : 14,36 17,45 16,34
16 : 15,34 17,43 20,38 21,42
17 : 14,33 15,45 16,43 20,30 19,49 18,53
18 : 14,47 17,53 19,35
19 : 18,35 17,49 20,52 22,41
20 : 17,30 16,38 21,44 22,37 19,52
21 : 16,42 20,44 22,48
22 : 19,41 20,37 21,48


1 : 13,54 5,47 4,33 2,36
2 : 1,36 4,45 3,34
3 : 2,34 4,43 7,38 8,42
4 : 1,33 2,45 3,43 7,30 6,49 5,53
5 : 1,47 4,53 6,35
6 : 5,35 4,49 7,52 9,41
7 : 4,30 3,38 8,44 9,37 6,52
8 : 3,42 7,44 9,48
9 : 6,41 7,37 8,48