1 : 1000 203 440 432 108 
2 : 3 4 793 
3 : 2 183 688 543 
4 : 5 2 310 
5 : 4 276 622 407 386 667 957 
6 : 8 72 344 
7 : 916 582 602 
8 : 6 153 39 347 462 612 654 727 
9 : 11 841 747 
10 : 338 990 985 431 
11 : 9 506 77 42 
12 : 171 939 
13 : 15 714 895 
14 : 68 59 653 
15 : 13 945 574 290 
16 : 512 930 353 648 
17 : 518 859 935 782 
18 : 19 359 155 
19 : 18 138 417 879 277 
20 : 21 308 
21 : 20 987 948 523 
22 : 603 835 896 
23 : 752 53 
24 : 25 26 
25 : 24 933 952 185 167 
26 : 27 24 621 623 
27 : 26 107 45 950 
28 : 557 851 
29 : 30 620 
30 : 29 646 287 588 77 
31 : 458 688 191 
32 : 909 663 973 
33 : 34 436 
34 : 33 484 262 279 957 146 
35 : 61 450 
36 : 37 367 175 
37 : 36 928 887 384 911 
38 : 464 328 54 
39 : 8 393 480 737 
40 : 316 702 443 130 
41 : 42 116 872 318 
42 : 41 994 204 774 11 811 202 329 
43 : 538 203 809 906 920 
44 : 237 775 
45 : 896 492 785 872 27 781 347 649 977 
46 : 668 669 159 193 
47 : 49 338 
48 : 416 753 
49 : 47 51 457 565 533 
50 : 854 778 
51 : 49 675 135 367 383 207 
52 : 622 704 720 
53 : 467 23 509 
54 : 55 38 
55 : 54 56 273 146 
56 : 55 57 476 
57 : 56 59 800 602 828 
58 : 402 457 
59 : 57 643 507 14 612 464 
60 : 667 784 588 761 
61 : 35 571 174 917 252 121 
62 : 789 788 592 
63 : 64 65 535 800 858 813 
64 : 63 66 222 149 426 848 
65 : 63 495 346 689 922 311 
66 : 64 68 665 290 600 668 830 
67 : 68 625 436 975 
68 : 67 66 14 594 231 706 
69 : 70 71 547 519 
70 : 69 72 974 
71 : 69 544 451 103 
72 : 70 6 132 314 648 429 
73 : 492 457 453 
74 : 75 827 516 
75 : 74 77 310 375 779 
76 : 245 917 
77 : 75 11 30 632 999 
78 : 901 617 435 
79 : 452 805 593 
80 : 125 999 698 159 753 
81 : 82 190 919 
82 : 81 877 926 
83 : 84 258 
84 : 83 85 443 453 764 497 
85 : 84 158 505 567 489 736 
86 : 992 391 937 563 805 
87 : 89 928 483 90 
88 : 320 352 173 691 972 
89 : 87 859 212 915 
90 : 404 392 87 
91 : 92 211 482 572 
92 : 91 93 97 493 
93 : 92 94 514 903 904 
94 : 93 281 698 462 833 
95 : 517 555 883 
96 : 98 741 240 
97 : 99 92 979 752 
98 : 96 645 649 
99 : 97 218 839 396 901 910 
100 : 742 818 671 298 
101 : 103 903 
102 : 114 146 191 861 723 
103 : 101 642 330 493 71 591 
104 : 283 653 
105 : 107 862 755 
106 : 108 422 934 
107 : 105 109 27 532 
108 : 106 401 1 742 
109 : 107 111 779 712 
110 : 466 328 962 625 123 676 
111 : 109 597 227 254 904 125 651 711 
112 : 722 820 297 314 
113 : 115 461 154 188 
114 : 102 765 338 659 664 
115 : 113 187 550 563 291 
116 : 118 41 
117 : 118 435 682 
118 : 117 116 900 831 160 149 
119 : 121 752 
120 : 861 577 
121 : 119 805 61 
122 : 123 124 144 624 494 
123 : 122 573 110 
124 : 122 191 740 337 
125 : 126 80 950 111 845 
126 : 125 718 471 809 195 
127 : 955 392 699 
128 : 709 855 621 148 432 433 
129 : 364 284 790 357 
130 : 131 40 
131 : 130 132 233 980 
132 : 131 72 232 542 303 951 
133 : 134 682 314 
134 : 133 706 220 882 
135 : 137 51 
136 : 732 905 
137 : 138 135 519 881 
138 : 137 139 19 381 
139 : 138 600 265 475 601 
140 : 141 761 898 219 
141 : 140 748 902 937 
142 : 600 148 250 
143 : 145 369 182 
144 : 122 614 825 
145 : 143 463 400 542 361 
146 : 102 34 55 355 870 
147 : 255 579 348 
148 : 142 128 
149 : 64 118 
150 : 151 332 811 
151 : 150 444 407 402 
152 : 154 343 
153 : 155 8 738 430 366 
154 : 152 525 113 631 
155 : 156 153 208 18 438 
156 : 155 158 806 
157 : 158 582 534 864 
158 : 157 156 85 407 833 881 562 940 
159 : 693 619 46 80 
160 : 515 118 174 970 
161 : 163 852 315 486 680 
162 : 918 639 641 825 636 305 
163 : 161 991 908 491 
164 : 165 564 589 306 934 
165 : 164 167 900 526 629 897 
166 : 946 546 389 401 
167 : 165 650 25 
168 : 912 237 597 
169 : 171 825 871 
170 : 251 505 
171 : 169 12 941 710 
172 : 173 174 218 225 810 
173 : 172 279 651 793 843 88 
174 : 172 61 632 160 876 971 
175 : 200 36 984 
176 : 849 731 
177 : 280 978 567 655 
178 : 179 602 564 814 
179 : 178 917 262 
180 : 182 507 282 
181 : 182 183 759 
182 : 181 180 143 809 
183 : 181 3 491 661 912 992 
184 : 433 310 577 677 321 
185 : 186 25 976 439 
186 : 185 187 188 741 
187 : 186 189 115 980 470 919 
188 : 186 250 113 725 
189 : 190 187 191 882 
190 : 189 192 81 
191 : 189 124 102 720 31 538 802 926 
192 : 190 656 373 785 
193 : 235 46 923 
194 : 758 230 468 799 586 402 838 872 
195 : 538 555 580 126 693 
196 : 198 226 474 
197 : 595 465 253 
198 : 196 981 405 884 
199 : 201 483 250 404 582 953 
200 : 175 665 838 273 
201 : 199 351 253 376 
202 : 329 723 42 
203 : 1 954 43 419 235 
204 : 42 234 731 963 
205 : 206 294 640 340 380 
206 : 205 578 953 
207 : 499 940 51 454 
208 : 210 155 512 834 
209 : 798 537 703 418 
210 : 211 208 412 322 
211 : 210 91 467 826 862 510 
212 : 89 363 968 285 
213 : 214 215 494 
214 : 213 460 448 554 674 
215 : 213 869 361 719 566 
216 : 890 285 620 759 
217 : 671 437 984 583 
218 : 99 172 828 
219 : 826 350 140 342 
220 : 983 134 846 
221 : 645 636 
222 : 64 592 292 333 847 273 
223 : 432 522 815 518 
224 : 906 802 
225 : 503 172 808 
226 : 228 196 339 803 647 907 
227 : 111 797 677 846 
228 : 226 885 434 
229 : 270 500 236 300 
230 : 194 463 
231 : 68 850 450 
232 : 233 132 647 
233 : 232 235 353 131 249 346 847 
234 : 204 758 367 
235 : 236 233 193 203 852 
236 : 235 965 229 
237 : 239 44 307 168 
238 : 819 602 748 
239 : 237 245 835 
240 : 242 96 
241 : 243 901 817 969 
242 : 243 240 600 393 
243 : 242 241 245 734 967 
244 : 245 441 
245 : 244 246 243 76 239 970 
246 : 245 248 883 714 
247 : 807 466 717 443 
248 : 246 538 668 875 
249 : 851 458 233 
250 : 251 188 554 578 711 142 199 
251 : 250 253 170 451 
252 : 761 61 500 
253 : 254 251 255 197 201 924 
254 : 253 111 418 
255 : 253 257 147 684 674 
256 : 257 342 432 
257 : 256 255 310 305 780 792 418 818 
258 : 368 83 370 688 
259 : 686 650 
260 : 262 783 
261 : 780 984 
262 : 260 264 34 879 179 
263 : 264 608 613 763 
264 : 263 265 262 503 607 710 
265 : 264 139 268 499 974 
266 : 268 932 
267 : 778 809 501 908 
268 : 269 266 270 510 756 265 
269 : 268 350 631 779 285 
270 : 271 268 229 472 830 829 
271 : 270 273 546 
272 : 273 594 497 
273 : 272 271 934 55 200 222 
274 : 276 757 513 
275 : 330 366 750 
276 : 274 5 584 674 
277 : 278 19 702 
278 : 277 636 498 760 
279 : 173 34 478 698 
280 : 177 839 337 
281 : 94 962 443 
282 : 180 744 316 
283 : 284 285 104 
284 : 283 286 129 397 415 
285 : 283 216 338 717 212 269 447 
286 : 284 306 784 
287 : 30 461 781 
288 : 597 375 752 556 
289 : 290 326 959 
290 : 289 66 295 395 15 
291 : 399 115 362 
292 : 222 601 
293 : 491 327 378 815 
294 : 205 693 
295 : 297 290 783 
296 : 908 327 350 
297 : 298 295 112 712 635 
298 : 297 885 100 
299 : 301 457 485 619 
300 : 867 229 
301 : 302 299 827 456 
302 : 301 303 304 
303 : 302 651 132 416 
304 : 305 302 476 870 
305 : 304 257 162 
306 : 286 468 164 
307 : 309 237 611 824 841 776 
308 : 309 20 641 719 796 
309 : 308 310 307 311 840 334 575 
310 : 309 312 75 257 184 4 554 
311 : 309 774 65 580 
312 : 310 517 632 
313 : 314 794 983 
314 : 313 72 133 112 828 
315 : 161 960 758 
316 : 40 798 282 
317 : 986 858 
318 : 921 546 41 
319 : 861 387 492 
320 : 321 322 88 891 
321 : 320 396 696 837 847 184 381 795 
322 : 320 575 210 
323 : 618 379 
324 : 325 901 504 948 
325 : 324 326 939 873 
326 : 325 289 722 657 
327 : 293 811 296 491 
328 : 110 336 559 38 613 
329 : 202 955 864 42 
330 : 275 103 907 997 
331 : 805 946 
332 : 150 836 
333 : 222 924 626 448 
334 : 879 309 
335 : 336 925 
336 : 335 338 328 
337 : 338 124 280 575 
338 : 337 336 10 47 285 591 114 903 362 
339 : 226 704 769 
340 : 797 876 205 
341 : 602 791 
342 : 256 821 219 
343 : 152 387 865 
344 : 570 6 358 
345 : 954 524 
346 : 65 233 
347 : 8 951 45 
348 : 349 350 147 
349 : 348 625 666 745 
350 : 348 269 219 296 
351 : 352 201 505 
352 : 351 354 749 390 88 
353 : 233 514 531 16 
354 : 352 456 454 876 780 
355 : 356 146 
356 : 355 357 612 908 460 
357 : 356 572 129 829 
358 : 584 795 344 777 784 
359 : 443 638 18 556 475 
360 : 395 986 604 
361 : 215 592 145 473 806 989 
362 : 902 291 338 
363 : 365 212 789 
364 : 129 696 785 
365 : 363 576 366 641 
366 : 275 873 365 153 486 
367 : 51 739 36 234 954 
368 : 258 616 819 396 
369 : 371 143 610 675 775 
370 : 372 939 509 258 489 
371 : 369 921 782 411 
372 : 373 370 374 
373 : 372 192 497 675 
374 : 372 376 634 
375 : 288 75 469 
376 : 374 695 201 
377 : 378 403 776 994 
378 : 377 293 738 
379 : 380 323 764 
380 : 379 738 713 205 898 
381 : 658 138 321 928 
382 : 532 952 
383 : 51 964 
384 : 569 37 646 
385 : 644 938 823 916 
386 : 387 745 961 5 536 
387 : 386 343 841 319 522 939 
388 : 389 996 404 656 
389 : 388 805 166 
390 : 352 895 739 
391 : 86 521 931 828 
392 : 90 127 701 580 
393 : 39 399 242 
394 : 396 586 544 
395 : 360 290 692 899 995 570 
396 : 397 394 321 368 99 929 
397 : 396 284 509 
398 : 399 646 
399 : 398 291 393 683 770 905 713 
400 : 145 961 819 
401 : 402 108 585 166 
402 : 401 58 572 736 151 194 
403 : 405 377 543 985 
404 : 90 738 388 199 
405 : 403 579 198 720 447 860 
406 : 734 772 
407 : 158 151 5 519 
408 : 411 881 
409 : 480 821 845 
410 : 937 998 792 
411 : 412 408 371 
412 : 411 414 464 210 413 981 998 
413 : 743 412 
414 : 412 480 836 615 
415 : 540 284 679 
416 : 48 888 575 303 596 
417 : 19 497 
418 : 824 506 787 895 949 209 254 257 
419 : 420 557 203 997 
420 : 419 422 945 558 
421 : 967 891 632 
422 : 420 106 680 534 455 
423 : 424 854 689 
424 : 423 425 426 763 
425 : 424 427 713 
426 : 427 424 64 890 
427 : 426 425 801 925 
428 : 871 685 772 733 
429 : 596 72 949 
430 : 153 540 442 
431 : 432 10 894 
432 : 431 223 529 944 1 256 128 
433 : 434 184 128 455 
434 : 433 655 228 945 
435 : 117 78 
436 : 437 883 33 67 760 
437 : 436 217 846 
438 : 439 155 637 880 
439 : 438 866 185 
440 : 1 615 461 
441 : 661 583 244 521 701 
442 : 567 921 430 573 551 
443 : 359 84 40 281 247 
444 : 445 151 950 505 565 801 
445 : 444 679 519 719 
446 : 797 599 
447 : 889 849 285 405 
448 : 214 333 
449 : 877 990 
450 : 590 35 231 
451 : 251 71 913 879 598 
452 : 79 687 848 866 
453 : 455 84 73 
454 : 354 644 207 991 
455 : 456 453 553 422 433 
456 : 455 354 566 813 301 745 
457 : 459 49 299 73 58 
458 : 460 31 249 
459 : 457 979 649 
460 : 461 458 214 356 
461 : 460 463 113 287 440 589 
462 : 463 802 8 94 790 
463 : 462 464 461 145 230 566 
464 : 463 38 412 729 59 
465 : 197 966 789 
466 : 468 110 247 666 922 
467 : 53 211 615 
468 : 466 306 194 650 725 
469 : 470 375 504 
470 : 469 187 786 472 775 
471 : 473 126 956 
472 : 270 470 630 
473 : 471 679 690 361 907 
474 : 843 196 479 
475 : 767 491 536 139 359 
476 : 304 586 599 56 508 496 566 569 
477 : 478 491 832 
478 : 477 597 747 279 625 
479 : 480 474 
480 : 479 409 414 39 679 890 947 
481 : 482 483 
482 : 481 91 753 938 
483 : 481 199 87 953 
484 : 34 651 530 
485 : 499 299 
486 : 161 366 
487 : 690 705 978 797 
488 : 743 954 861 704 731 
489 : 881 515 85 370 511 
490 : 491 841 
491 : 490 183 293 475 327 477 163 
492 : 73 45 319 618 
493 : 495 103 92 
494 : 213 867 122 642 987 
495 : 493 65 704 924 892 
496 : 709 476 541 
497 : 373 84 272 417 534 
498 : 500 278 954 
499 : 207 485 579 504 265 734 
500 : 501 498 229 252 690 
501 : 500 503 675 267 
502 : 952 969 
503 : 501 225 264 778 614 
504 : 499 552 324 469 
505 : 85 170 351 444 527 
506 : 11 418 955 819 
507 : 180 59 863 
508 : 613 476 555 682 
509 : 370 53 397 816 
510 : 268 211 568 
511 : 930 709 863 489 943 
512 : 16 208 918 
513 : 547 274 857 
514 : 353 93 935 
515 : 160 489 747 
516 : 741 649 74 
517 : 95 312 966 911 
518 : 520 17 828 959 223 
519 : 445 137 407 69 893 
520 : 518 749 568 651 
521 : 391 441 802 
522 : 223 387 967 
523 : 524 21 
524 : 523 787 345 596 
525 : 526 154 855 
526 : 525 648 165 
527 : 528 505 
528 : 527 529 530 
529 : 528 530 531 432 
530 : 529 531 528 484 896 862 
531 : 530 529 353 607 
532 : 107 382 934 832 791 
533 : 871 666 49 
534 : 422 497 157 
535 : 63 972 865 
536 : 475 906 928 386 
537 : 539 209 
538 : 539 43 195 248 191 
539 : 538 537 541 947 658 766 
540 : 542 415 430 
541 : 539 873 967 496 
542 : 540 145 881 132 775 
543 : 403 3 
544 : 71 394 816 770 
545 : 546 985 
546 : 545 271 318 885 943 166 663 
547 : 549 513 69 
548 : 550 576 
549 : 547 551 828 911 661 
550 : 548 115 726 875 764 
551 : 552 549 442 
552 : 551 504 872 681 
553 : 555 455 582 
554 : 250 214 310 754 
555 : 553 195 95 508 599 
556 : 860 288 359 806 
557 : 28 419 630 610 
558 : 893 857 420 794 
559 : 561 328 
560 : 561 981 749 695 
561 : 560 559 563 671 
562 : 563 158 
563 : 562 561 115 86 727 
564 : 164 178 
565 : 49 844 444 
566 : 456 738 215 463 476 
567 : 442 85 177 756 
568 : 520 510 838 
569 : 384 729 476 
570 : 344 745 395 816 
571 : 61 777 807 
572 : 357 402 747 91 701 
573 : 575 123 617 628 442 706 716 
574 : 575 15 676 
575 : 574 573 322 416 337 309 
576 : 577 365 548 642 
577 : 576 579 184 120 
578 : 206 250 826 757 
579 : 577 581 405 499 147 
580 : 195 903 311 392 781 
581 : 582 579 936 663 
582 : 581 553 7 157 199 
583 : 585 441 217 684 
584 : 586 276 358 633 
585 : 583 401 845 822 
586 : 584 394 476 194 618 
587 : 588 891 
588 : 587 30 60 
589 : 590 164 461 
590 : 589 592 450 852 
591 : 338 103 688 
592 : 590 594 222 361 62 1000 
593 : 595 874 79 
594 : 592 596 68 272 670 
595 : 593 597 197 623 
596 : 594 429 665 524 416 
597 : 595 111 288 478 781 168 933 
598 : 680 790 451 
599 : 476 446 555 835 605 732 
600 : 139 142 66 242 851 
601 : 739 292 139 
602 : 341 57 178 238 7 
603 : 604 605 22 732 
604 : 603 606 800 625 360 
605 : 603 631 932 599 826 
606 : 604 696 637 884 889 
607 : 608 609 781 264 531 
608 : 607 263 913 839 
609 : 610 607 683 
610 : 609 611 612 369 727 557 
611 : 610 613 307 764 
612 : 610 356 59 8 
613 : 614 611 615 508 892 905 263 328 
614 : 613 144 503 
615 : 613 440 467 414 
616 : 618 368 688 
617 : 618 573 868 78 654 
618 : 617 616 323 799 687 586 492 
619 : 159 777 299 
620 : 622 216 29 
621 : 622 26 128 845 
622 : 621 620 52 5 727 
623 : 595 717 26 888 
624 : 122 669 
625 : 627 349 604 853 67 110 478 749 
626 : 858 333 701 729 
627 : 625 845 949 
628 : 573 791 633 
629 : 630 165 
630 : 629 557 472 
631 : 605 269 154 
632 : 174 77 312 421 708 
633 : 584 947 628 665 
634 : 374 657 891 
635 : 681 297 
636 : 638 278 834 162 221 
637 : 606 438 
638 : 636 640 359 
639 : 162 835 987 
640 : 641 638 642 205 689 
641 : 640 162 308 365 
642 : 640 103 728 576 494 
643 : 645 59 809 912 937 966 
644 : 646 385 454 993 964 
645 : 646 643 98 221 712 863 
646 : 645 647 644 648 30 384 398 
647 : 646 648 232 226 
648 : 647 646 526 872 657 72 16 
649 : 516 98 459 45 
650 : 652 167 468 958 259 
651 : 303 484 173 520 111 
652 : 650 689 673 
653 : 713 104 14 
654 : 655 617 8 733 947 
655 : 654 656 434 177 
656 : 655 192 687 701 388 
657 : 634 648 326 841 
658 : 660 381 539 
659 : 889 941 114 976 
660 : 661 658 662 976 741 979 
661 : 660 662 441 846 183 549 
662 : 661 660 818 933 
663 : 814 32 546 581 
664 : 832 671 114 
665 : 66 200 596 677 633 771 
666 : 533 676 349 466 730 
667 : 60 784 782 5 
668 : 670 46 66 248 
669 : 671 46 624 
670 : 668 672 594 
671 : 669 217 561 664 829 100 740 
672 : 670 674 998 
673 : 675 705 762 652 
674 : 672 255 276 214 849 
675 : 673 51 501 369 373 932 690 
676 : 666 810 851 574 110 
677 : 665 184 983 227 
678 : 711 990 
679 : 445 473 480 870 910 415 
680 : 681 422 598 161 798 
681 : 680 682 635 552 697 744 
682 : 681 133 117 508 
683 : 685 399 609 
684 : 255 721 583 
685 : 683 687 428 
686 : 687 688 259 939 723 
687 : 686 685 689 452 656 618 708 915 
688 : 686 616 769 3 31 591 258 751 866 995 
689 : 687 652 65 797 423 640 
690 : 487 473 500 675 
691 : 904 88 
692 : 694 395 
693 : 159 900 294 195 
694 : 692 696 970 
695 : 696 376 807 560 
696 : 695 694 698 364 606 321 
697 : 750 681 
698 : 699 696 80 94 279 
699 : 698 988 127 
700 : 701 874 
701 : 700 656 392 572 626 441 
702 : 40 706 875 277 
703 : 209 873 877 938 
704 : 339 495 52 920 488 
705 : 707 673 487 748 845 
706 : 134 702 68 573 
707 : 705 709 906 
708 : 687 632 
709 : 707 128 496 511 963 
710 : 879 171 264 
711 : 678 250 733 111 
712 : 645 832 297 109 
713 : 425 653 380 399 
714 : 13 981 246 
715 : 716 884 918 928 978 
716 : 715 717 573 
717 : 716 623 285 247 848 
718 : 126 915 757 
719 : 215 445 308 
720 : 722 191 52 405 824 913 
721 : 684 947 854 
722 : 720 724 112 983 326 
723 : 202 102 686 
724 : 722 823 774 
725 : 900 468 188 
726 : 728 550 
727 : 610 563 622 8 
728 : 726 730 642 871 
729 : 730 464 569 626 
730 : 729 728 838 938 666 
731 : 806 176 204 488 746 
732 : 136 603 599 
733 : 711 746 428 654 
734 : 735 243 406 499 
735 : 734 739 860 832 840 
736 : 402 85 
737 : 738 39 977 
738 : 737 739 740 153 380 404 566 378 
739 : 738 601 735 367 926 390 
740 : 738 742 124 768 671 
741 : 96 516 186 660 
742 : 743 740 100 108 
743 : 742 413 488 979 760 952 958 
744 : 745 282 681 
745 : 744 570 386 456 349 863 
746 : 733 731 
747 : 572 478 515 9 
748 : 141 705 238 
749 : 750 352 520 560 625 
750 : 749 697 790 275 838 927 
751 : 820 688 
752 : 23 119 288 992 97 
753 : 482 48 80 
754 : 755 554 
755 : 754 938 105 825 
756 : 268 567 901 
757 : 758 274 718 578 
758 : 757 194 234 315 861 
759 : 761 181 216 
760 : 743 278 436 879 
761 : 759 252 140 871 60 
762 : 673 943 
763 : 424 963 263 
764 : 611 84 866 379 550 
765 : 766 114 993 
766 : 765 539 895 
767 : 769 475 829 
768 : 740 864 
769 : 770 767 688 339 987 
770 : 769 399 544 899 
771 : 772 801 665 
772 : 771 428 406 962 788 
773 : 774 893 
774 : 773 311 42 724 876 
775 : 369 997 44 542 470 
776 : 377 307 
777 : 571 619 358 
778 : 779 267 50 503 781 
779 : 778 109 269 75 
780 : 261 257 898 354 
781 : 597 607 907 45 287 778 580 986 
782 : 667 874 935 371 17 
783 : 260 295 990 
784 : 785 667 60 286 358 
785 : 784 45 192 364 890 
786 : 788 871 900 470 
787 : 789 524 418 842 
788 : 786 62 772 834 968 
789 : 787 62 999 465 363 
790 : 750 598 129 462 
791 : 995 341 628 532 917 
792 : 793 257 410 
793 : 792 173 2 
794 : 795 852 313 558 
795 : 794 358 321 900 
796 : 842 308 
797 : 340 446 689 227 487 
798 : 799 209 316 680 936 
799 : 798 618 194 866 
800 : 802 57 604 63 
801 : 427 771 444 
802 : 800 462 884 224 521 191 
803 : 805 226 
804 : 805 806 820 853 
805 : 804 803 121 331 389 79 86 835 
806 : 807 804 156 731 556 361 
807 : 806 809 247 695 571 
808 : 809 225 
809 : 808 807 643 267 126 182 43 
810 : 676 172 
811 : 813 327 42 150 
812 : 814 839 
813 : 811 456 63 993 
814 : 812 663 836 178 
815 : 817 223 293 990 
816 : 544 509 570 954 
817 : 818 815 241 
818 : 817 662 100 972 257 
819 : 238 368 506 400 
820 : 751 112 804 
821 : 823 342 409 
822 : 965 585 
823 : 821 724 896 385 
824 : 418 307 720 
825 : 169 162 144 755 
826 : 219 211 578 605 
827 : 301 74 923 
828 : 518 549 57 218 391 314 991 
829 : 767 671 270 357 
830 : 270 66 
831 : 833 118 
832 : 664 712 532 735 477 843 
833 : 831 158 94 
834 : 636 208 788 
835 : 639 22 239 599 805 
836 : 838 814 847 332 414 
837 : 839 321 
838 : 836 730 200 568 750 194 
839 : 840 837 280 812 99 608 874 
840 : 839 309 925 936 735 
841 : 9 387 307 490 657 
842 : 843 796 787 
843 : 842 474 173 832 
844 : 846 565 
845 : 627 705 915 125 585 621 409 
846 : 844 661 220 437 227 
847 : 836 321 222 233 
848 : 452 717 64 
849 : 176 447 674 
850 : 877 231 969 
851 : 249 676 28 600 852 
852 : 161 590 794 886 851 235 
853 : 625 804 
854 : 856 50 423 721 
855 : 857 128 525 
856 : 857 854 858 
857 : 856 855 558 513 
858 : 856 860 626 63 317 
859 : 861 89 17 
860 : 858 556 735 405 959 
861 : 859 863 120 319 102 488 758 
862 : 105 211 530 
863 : 861 511 980 507 645 745 
864 : 329 768 157 
865 : 866 343 535 
866 : 865 439 764 452 799 688 
867 : 300 494 995 
868 : 870 617 
869 : 871 215 913 925 
870 : 868 679 304 146 
871 : 869 428 533 728 786 761 169 
872 : 648 45 41 552 194 
873 : 541 366 703 325 952 
874 : 593 782 700 839 
875 : 702 550 248 
876 : 878 340 174 354 774 
877 : 878 82 449 850 703 
878 : 877 876 880 955 
879 : 334 710 262 19 451 760 
880 : 881 878 438 
881 : 880 489 542 158 408 137 
882 : 189 134 941 
883 : 246 436 95 
884 : 802 606 715 198 
885 : 228 298 546 997 
886 : 852 906 
887 : 889 37 
888 : 416 971 933 623 
889 : 890 887 447 659 606 
890 : 889 216 480 785 426 
891 : 892 942 421 587 634 320 
892 : 891 613 495 
893 : 894 558 773 519 
894 : 893 895 431 
895 : 894 418 390 766 13 
896 : 897 45 823 530 22 
897 : 896 898 165 
898 : 897 780 140 380 
899 : 901 395 770 
900 : 118 165 693 725 786 795 
901 : 899 78 241 324 756 99 
902 : 904 362 141 
903 : 905 101 580 93 338 
904 : 902 691 111 93 
905 : 903 613 136 399 960 
906 : 224 707 536 886 43 
907 : 781 330 473 226 
908 : 909 296 163 356 267 
909 : 908 911 32 992 
910 : 679 99 
911 : 909 549 517 37 
912 : 168 643 183 914 
913 : 869 451 608 720 944 
914 : 915 998 912 
915 : 914 718 845 89 687 
916 : 7 972 385 
917 : 179 61 76 791 
918 : 162 970 512 715 
919 : 921 187 81 
920 : 704 43 
921 : 919 923 318 371 442 
922 : 65 466 
923 : 921 981 827 193 
924 : 333 991 495 253 
925 : 840 335 427 869 
926 : 739 953 82 191 
927 : 972 750 
928 : 37 87 536 381 715 
929 : 956 396 
930 : 931 932 511 16 
931 : 930 391 936 
932 : 930 934 266 605 675 
933 : 25 888 662 597 
934 : 932 273 532 106 164 
935 : 937 782 17 514 
936 : 840 581 931 798 
937 : 935 410 86 141 643 
938 : 755 730 385 482 703 
939 : 370 686 12 325 387 
940 : 207 158 
941 : 171 659 882 
942 : 944 891 
943 : 546 762 511 
944 : 942 432 913 
945 : 946 947 15 420 434 
946 : 945 947 948 166 331 
947 : 946 948 945 539 633 721 480 654 
948 : 947 946 984 21 324 
949 : 418 627 429 
950 : 125 444 27 
951 : 347 132 
952 : 502 25 382 743 873 
953 : 926 206 483 199 
954 : 203 345 488 367 816 498 
955 : 957 127 329 878 506 
956 : 957 929 471 
957 : 956 955 34 5 
958 : 650 743 
959 : 518 289 860 
960 : 962 315 905 
961 : 963 386 400 
962 : 960 281 110 772 966 
963 : 961 763 709 204 
964 : 965 383 644 
965 : 964 966 967 236 822 
966 : 965 517 465 962 643 
967 : 965 421 541 522 243 
968 : 212 788 
969 : 970 502 850 241 
970 : 969 971 694 918 245 160 
971 : 970 972 888 174 
972 : 971 916 927 818 535 88 
973 : 974 32 
974 : 973 975 70 265 
975 : 974 976 67 
976 : 975 660 185 659 
977 : 978 737 45 
978 : 977 177 487 715 
979 : 459 743 97 660 
980 : 187 863 131 
981 : 198 714 923 560 412 996 
982 : 983 984 
983 : 982 220 722 677 313 
984 : 982 948 217 261 175 
985 : 987 403 10 545 
986 : 317 360 781 
987 : 985 21 999 639 769 494 
988 : 989 990 699 
989 : 988 990 361 
990 : 989 988 10 449 678 783 815 
991 : 163 924 454 828 
992 : 86 909 752 183 
993 : 644 765 813 
994 : 995 996 42 377 
995 : 994 791 395 867 688 
996 : 994 388 981 
997 : 775 419 885 330 
998 : 672 914 410 412 
999 : 789 987 80 77 
1000 : 1 592 
