1 : 2 203 58 255 707 
2 : 1 275 31 368 733 
3 : 422 377 438 
4 : 6 62 
5 : 148 768 138 
6 : 4 701 288 786 
7 : 980 900 77 
8 : 148 741 223 
9 : 43 840 666 
10 : 924 817 
11 : 900 925 607 
12 : 24 36 
13 : 14 298 356 745 
14 : 13 16 768 233 396 973 
15 : 742 144 242 
16 : 17 14 483 680 
17 : 16 530 478 447 928 
18 : 19 401 974 911 
19 : 18 908 491 292 
20 : 69 405 243 
21 : 722 41 608 
22 : 23 292 806 
23 : 22 608 917 308 
24 : 12 366 124 658 362 
25 : 27 547 485 400 
26 : 28 833 88 
27 : 25 29 132 327 533 772 450 586 
28 : 26 30 841 443 
29 : 27 483 58 328 
30 : 28 258 516 574 147 618 
31 : 2 358 999 809 
32 : 145 958 
33 : 886 425 
34 : 881 565 
35 : 358 46 
36 : 398 432 645 12 77 
37 : 38 440 
38 : 37 681 988 56 
39 : 41 708 256 774 803 871 
40 : 236 228 740 
41 : 39 620 746 21 213 
42 : 799 219 817 833 79 
43 : 9 821 103 491 87 840 
44 : 46 971 536 205 
45 : 265 342 471 237 208 530 
46 : 44 797 108 681 35 840 
47 : 49 796 389 
48 : 992 711 103 
49 : 47 512 744 
50 : 51 307 
51 : 50 723 449 654 303 617 
52 : 120 123 98 925 
53 : 911 394 536 
54 : 901 446 64 787 794 
55 : 315 842 297 190 627 
56 : 58 182 626 38 557 
57 : 182 789 945 952 
58 : 56 574 107 1 29 505 301 
59 : 393 184 689 544 
60 : 598 719 430 561 907 
61 : 63 230 218 376 655 
62 : 4 383 617 298 352 
63 : 61 65 992 
64 : 215 54 182 
65 : 63 67 558 221 
66 : 68 837 407 665 
67 : 65 880 565 640 663 396 207 
68 : 66 496 318 329 883 
69 : 70 71 20 870 
70 : 69 71 680 
71 : 70 69 210 1000 296 
72 : 585 721 679 
73 : 74 75 319 262 954 
74 : 73 76 768 729 
75 : 73 77 762 
76 : 74 78 173 133 
77 : 75 828 36 7 150 
78 : 76 244 261 333 949 972 784 862 
79 : 80 207 42 
80 : 79 707 346 803 
81 : 832 172 539 395 
82 : 83 525 994 211 
83 : 82 84 85 128 472 990 
84 : 83 85 322 297 282 
85 : 84 83 967 452 866 182 
86 : 657 321 303 
87 : 405 962 43 421 
88 : 26 914 
89 : 444 400 782 723 368 412 
90 : 92 835 660 
91 : 92 369 835 539 
92 : 91 90 157 957 912 
93 : 530 810 454 940 
94 : 95 149 325 947 
95 : 94 535 203 652 758 
96 : 299 996 309 823 
97 : 862 907 601 
98 : 679 52 533 
99 : 101 518 
100 : 343 332 
101 : 102 99 103 476 
102 : 101 624 435 353 
103 : 101 43 48 957 
104 : 413 386 407 455 
105 : 580 814 528 
106 : 876 979 
107 : 58 923 905 377 
108 : 46 214 925 198 
109 : 745 639 273 
110 : 112 939 427 793 417 
111 : 177 162 
112 : 110 938 811 
113 : 114 490 149 
114 : 113 115 894 577 
115 : 114 254 405 347 124 859 
116 : 118 718 191 613 898 
117 : 782 333 348 
118 : 116 876 343 
119 : 121 127 456 
120 : 52 692 701 196 
121 : 122 119 830 272 651 
122 : 121 284 530 842 
123 : 1000 52 358 160 891 
124 : 24 210 115 
125 : 710 663 
126 : 127 128 767 361 466 
127 : 126 119 507 568 
128 : 126 485 83 712 
129 : 365 805 372 526 
130 : 131 132 583 
131 : 130 549 378 612 761 
132 : 133 130 27 373 514 
133 : 132 511 305 76 832 999 
134 : 660 477 453 
135 : 136 904 
136 : 135 137 548 
137 : 136 139 654 580 378 
138 : 872 5 378 
139 : 140 137 975 308 
140 : 139 802 661 994 250 
141 : 143 435 
142 : 144 514 
143 : 141 844 149 237 626 
144 : 142 258 586 15 449 
145 : 32 352 982 218 258 
146 : 147 223 606 786 
147 : 146 332 507 30 
148 : 150 5 8 342 684 900 
149 : 150 387 541 94 143 113 
150 : 149 151 148 77 291 
151 : 150 153 415 325 
152 : 157 791 910 
153 : 151 204 881 394 
154 : 156 704 855 814 
155 : 620 901 813 
156 : 154 158 367 274 442 225 420 
157 : 92 152 425 707 858 956 
158 : 156 160 229 353 
159 : 160 161 
160 : 159 161 158 123 
161 : 160 159 636 268 490 214 
162 : 861 282 111 990 
163 : 434 198 894 665 
164 : 166 533 638 
165 : 166 845 698 
166 : 165 164 436 354 504 760 
167 : 168 566 
168 : 167 170 735 385 
169 : 319 927 
170 : 171 168 390 449 
171 : 170 404 280 
172 : 81 282 611 
173 : 175 76 194 609 
174 : 176 713 738 
175 : 173 177 718 270 231 
176 : 174 472 445 
177 : 178 175 179 111 622 735 874 
178 : 177 180 965 563 875 
179 : 180 177 785 458 
180 : 179 178 192 984 
181 : 657 794 551 732 
182 : 183 56 57 708 64 85 851 460 743 
183 : 182 420 196 391 
184 : 59 761 
185 : 255 372 546 902 
186 : 212 739 913 706 
187 : 984 545 594 973 991 
188 : 190 891 
189 : 190 191 
190 : 189 188 507 236 411 55 600 
191 : 189 116 737 
192 : 180 725 573 947 
193 : 194 656 629 219 
194 : 193 173 734 382 848 
195 : 809 297 365 
196 : 183 937 120 864 432 535 
197 : 611 405 
198 : 163 108 
199 : 490 745 355 
200 : 201 670 785 
201 : 200 476 230 819 
202 : 203 537 527 437 658 
203 : 202 1 524 95 311 
204 : 153 322 524 
205 : 747 307 380 523 44 
206 : 208 271 845 
207 : 79 496 67 529 
208 : 206 801 45 366 
209 : 378 300 346 
210 : 71 124 930 
211 : 556 347 564 873 82 
212 : 214 186 438 
213 : 862 41 752 
214 : 212 108 489 161 866 708 
215 : 64 768 231 
216 : 217 218 
217 : 216 574 862 
218 : 216 61 145 714 828 
219 : 42 757 193 
220 : 463 257 258 
221 : 223 65 
222 : 874 535 720 1000 
223 : 221 146 8 
224 : 226 437 749 998 
225 : 952 498 156 983 
226 : 224 795 331 788 689 
227 : 229 741 644 886 572 
228 : 40 698 534 675 
229 : 227 158 352 793 
230 : 61 944 201 644 386 728 
231 : 991 215 175 
232 : 234 446 987 919 
233 : 234 243 14 724 
234 : 233 232 533 748 908 
235 : 757 934 396 905 
236 : 40 190 563 895 376 867 
237 : 238 45 143 584 
238 : 237 239 240 
239 : 238 504 724 879 
240 : 241 238 590 
241 : 240 894 651 314 
242 : 423 15 
243 : 233 20 
244 : 245 246 78 371 922 
245 : 244 246 247 500 
246 : 245 247 244 893 
247 : 246 245 249 336 334 
248 : 367 288 
249 : 247 444 686 
250 : 341 281 808 140 622 
251 : 253 546 
252 : 456 280 682 
253 : 251 255 551 608 585 
254 : 255 115 473 948 451 
255 : 254 253 185 994 1 650 
256 : 258 39 745 884 
257 : 259 220 653 
258 : 256 30 144 557 220 145 
259 : 257 447 893 
260 : 261 314 
261 : 260 78 998 
262 : 760 73 
263 : 264 896 337 
264 : 263 487 485 938 
265 : 266 267 45 306 
266 : 265 752 881 696 
267 : 265 717 475 711 
268 : 161 468 849 947 342 949 
269 : 880 536 
270 : 272 175 547 719 
271 : 273 206 518 747 
272 : 273 270 383 121 899 
273 : 272 274 271 109 
274 : 273 276 156 
275 : 2 785 769 631 
276 : 274 630 788 
277 : 278 279 327 709 
278 : 277 279 664 909 413 
279 : 278 280 277 503 966 713 
280 : 279 252 171 925 494 877 
281 : 250 606 389 
282 : 162 391 172 84 
283 : 284 285 
284 : 283 122 666 534 480 
285 : 283 597 852 
286 : 624 522 290 766 830 
287 : 288 879 891 877 374 
288 : 287 6 859 248 685 544 
289 : 291 984 
290 : 679 660 286 
291 : 292 289 790 899 150 
292 : 291 22 976 19 
293 : 294 412 775 799 
294 : 293 557 914 
295 : 761 386 813 
296 : 297 71 
297 : 296 298 55 84 195 541 
298 : 297 13 62 988 390 
299 : 96 344 692 530 
300 : 209 967 
301 : 499 58 
302 : 303 491 
303 : 302 304 584 837 86 51 
304 : 303 824 894 752 
305 : 133 954 
306 : 344 381 265 
307 : 309 205 806 960 50 
308 : 520 23 139 991 497 
309 : 307 506 96 616 
310 : 311 624 315 
311 : 310 312 203 655 
312 : 311 314 962 448 
313 : 561 844 477 730 
314 : 312 654 552 241 260 786 649 
315 : 55 385 905 310 325 916 
316 : 317 318 727 771 985 
317 : 316 338 486 576 894 
318 : 316 68 942 364 
319 : 169 73 810 589 
320 : 322 784 
321 : 86 610 858 
322 : 320 204 84 589 390 
323 : 619 650 
324 : 326 563 
325 : 151 315 94 665 
326 : 324 397 910 422 435 
327 : 27 277 
328 : 329 29 588 
329 : 328 68 384 439 696 
330 : 943 674 805 775 
331 : 226 368 878 953 630 528 
332 : 147 817 668 100 996 
333 : 335 78 117 402 
334 : 247 367 839 914 
335 : 336 333 337 
336 : 335 247 700 720 455 887 
337 : 338 335 587 263 408 575 789 
338 : 337 317 445 715 
339 : 341 821 344 
340 : 361 454 586 
341 : 339 250 851 903 780 977 
342 : 148 45 682 268 660 
343 : 344 345 100 924 118 436 
344 : 343 299 306 339 666 906 555 
345 : 346 343 632 
346 : 345 80 209 435 
347 : 211 388 579 115 655 
348 : 440 117 751 
349 : 351 787 593 882 
350 : 352 430 629 921 
351 : 352 349 972 602 
352 : 351 350 145 229 704 62 
353 : 647 102 158 890 988 
354 : 166 844 
355 : 356 199 409 
356 : 355 13 616 
357 : 358 752 
358 : 357 35 31 123 901 505 747 
359 : 968 529 
360 : 738 935 
361 : 340 949 669 801 954 126 803 834 
362 : 363 830 24 884 
363 : 362 719 857 
364 : 712 318 692 
365 : 129 768 462 195 756 
366 : 24 751 208 
367 : 369 156 248 334 515 685 
368 : 331 2 89 
369 : 367 371 91 429 778 532 
370 : 972 753 854 825 
371 : 369 244 645 
372 : 185 129 
373 : 132 885 
374 : 574 556 606 287 
375 : 376 761 597 
376 : 375 61 474 482 236 
377 : 3 107 380 
378 : 209 131 615 138 137 
379 : 420 955 477 
380 : 205 438 848 972 377 
381 : 306 770 920 926 506 
382 : 194 588 893 540 384 
383 : 62 272 851 846 986 
384 : 329 382 737 
385 : 315 748 540 168 
386 : 295 695 104 230 
387 : 149 922 740 
388 : 390 347 398 489 976 
389 : 47 281 
390 : 388 170 322 298 958 
391 : 282 183 617 
392 : 393 913 
393 : 392 59 468 949 
394 : 53 574 965 153 
395 : 795 81 483 527 656 
396 : 616 67 235 14 
397 : 326 570 777 
398 : 36 579 388 403 
399 : 401 630 967 
400 : 89 450 761 25 574 595 713 
401 : 399 18 434 863 
402 : 926 333 
403 : 478 636 398 
404 : 406 171 809 939 
405 : 87 115 20 197 831 
406 : 404 941 538 515 
407 : 66 104 837 
408 : 966 337 436 
409 : 763 631 355 
410 : 411 728 900 
411 : 410 190 776 528 
412 : 293 89 
413 : 104 825 994 278 998 428 
414 : 415 713 851 758 
415 : 414 151 618 735 
416 : 418 837 731 
417 : 418 601 110 452 
418 : 417 419 416 420 424 
419 : 418 753 890 
420 : 421 418 183 379 156 750 937 
421 : 420 422 87 
422 : 421 424 3 842 854 326 
423 : 242 861 835 
424 : 422 418 604 962 959 
425 : 157 513 728 33 545 
426 : 427 428 573 
427 : 426 429 110 
428 : 426 976 453 712 798 413 
429 : 427 369 756 645 
430 : 432 350 619 60 
431 : 556 664 
432 : 430 36 196 
433 : 816 656 
434 : 435 163 401 642 
435 : 434 141 102 744 346 326 
436 : 166 892 408 343 903 
437 : 438 224 822 202 953 
438 : 437 212 380 560 3 858 701 
439 : 440 329 443 725 
440 : 439 442 348 917 37 767 
441 : 789 757 
442 : 440 156 825 766 
443 : 934 439 28 
444 : 445 89 249 926 545 678 
445 : 444 338 799 176 452 666 
446 : 448 232 54 750 
447 : 448 259 17 822 
448 : 447 446 312 560 
449 : 451 51 144 170 
450 : 400 27 587 
451 : 449 667 254 650 736 
452 : 85 951 445 417 
453 : 428 134 
454 : 340 93 734 
455 : 801 336 104 943 
456 : 252 915 119 
457 : 638 876 605 917 
458 : 459 509 179 470 
459 : 458 603 804 827 
460 : 582 182 742 
461 : 997 810 546 
462 : 365 964 735 
463 : 220 673 857 
464 : 781 904 
465 : 466 540 
466 : 465 467 126 490 543 
467 : 466 706 518 879 760 
468 : 470 393 268 677 
469 : 470 781 648 
470 : 469 468 587 458 793 935 
471 : 473 45 856 
472 : 473 176 83 525 
473 : 472 471 254 861 
474 : 476 376 892 
475 : 267 698 567 581 
476 : 474 201 101 895 981 628 
477 : 695 134 379 313 
478 : 480 403 17 886 
479 : 480 554 
480 : 479 481 478 284 973 
481 : 480 483 489 836 
482 : 484 376 807 
483 : 484 481 29 678 696 16 395 749 
484 : 483 482 493 609 
485 : 128 25 989 264 839 
486 : 317 755 838 
487 : 488 264 492 915 
488 : 487 489 490 
489 : 488 481 214 388 800 
490 : 488 199 161 529 113 466 
491 : 652 19 43 302 560 
492 : 487 833 832 
493 : 484 610 632 
494 : 495 280 657 
495 : 494 591 846 556 
496 : 68 207 872 998 968 
497 : 794 308 852 
498 : 500 225 
499 : 500 301 678 623 
500 : 499 498 245 628 946 
501 : 502 992 926 
502 : 501 666 802 
503 : 279 881 
504 : 239 166 655 
505 : 506 58 358 
506 : 505 309 706 381 
507 : 127 190 147 901 707 590 796 
508 : 775 653 659 
509 : 458 590 827 
510 : 914 713 965 
511 : 512 133 746 
512 : 511 514 49 582 616 
513 : 515 425 931 722 
514 : 512 142 764 132 536 
515 : 513 367 406 
516 : 30 561 737 549 
517 : 519 538 628 524 930 
518 : 99 271 467 912 
519 : 517 854 808 
520 : 308 849 897 
521 : 523 783 542 839 
522 : 524 606 875 286 820 
523 : 521 205 978 
524 : 522 203 732 204 517 
525 : 82 472 770 967 
526 : 777 129 
527 : 733 823 202 395 
528 : 529 105 411 331 
529 : 528 490 359 207 
530 : 17 93 122 716 299 45 
531 : 960 853 929 
532 : 712 813 369 
533 : 164 234 27 98 
534 : 284 228 997 
535 : 95 1000 222 196 765 
536 : 44 53 269 514 737 881 
537 : 539 202 
538 : 517 936 406 972 
539 : 537 81 553 571 91 828 
540 : 542 385 575 382 465 
541 : 543 149 297 
542 : 540 521 795 860 
543 : 544 541 466 839 885 906 
544 : 543 545 59 288 755 
545 : 544 187 425 444 
546 : 251 185 461 
547 : 25 270 699 
548 : 669 136 829 
549 : 551 131 731 516 
550 : 916 634 788 828 864 944 
551 : 552 549 253 181 690 880 
552 : 551 554 314 631 
553 : 539 589 
554 : 552 649 479 902 681 797 950 
555 : 973 832 344 
556 : 211 431 374 495 938 717 
557 : 558 258 294 56 
558 : 557 559 560 65 621 831 
559 : 558 993 926 758 964 
560 : 558 562 438 569 448 491 941 
561 : 313 516 60 638 
562 : 560 728 906 980 
563 : 324 236 178 923 
564 : 211 585 
565 : 567 67 944 34 
566 : 682 167 576 
567 : 568 565 475 
568 : 567 569 127 666 
569 : 568 571 560 602 
570 : 571 397 750 637 
571 : 570 569 573 539 711 
572 : 760 997 227 673 
573 : 571 192 908 426 635 
574 : 58 217 374 394 632 30 400 835 
575 : 540 337 687 
576 : 719 317 566 982 670 
577 : 953 633 114 
578 : 752 933 884 
579 : 398 347 818 
580 : 105 137 951 
581 : 652 831 475 774 
582 : 460 512 885 709 784 
583 : 130 598 594 
584 : 303 639 237 761 861 978 
585 : 72 815 564 253 748 
586 : 144 861 340 27 663 
587 : 470 337 450 
588 : 382 328 
589 : 322 553 319 
590 : 509 623 240 507 
591 : 592 495 815 
592 : 591 593 594 603 
593 : 592 883 826 349 
594 : 592 187 583 
595 : 940 400 
596 : 957 643 
597 : 598 285 375 
598 : 597 60 835 717 583 662 745 
599 : 601 619 
600 : 902 190 
601 : 599 417 97 
602 : 569 351 716 
603 : 604 459 592 
604 : 603 606 424 
605 : 682 457 855 
606 : 604 522 374 146 281 675 927 
607 : 688 11 780 
608 : 23 253 21 
609 : 955 484 173 777 
610 : 493 683 321 843 
611 : 612 197 172 731 
612 : 611 131 632 
613 : 827 996 116 
614 : 973 849 668 836 
615 : 617 378 
616 : 396 512 356 309 
617 : 615 62 391 51 
618 : 619 415 30 
619 : 618 323 430 599 965 989 
620 : 622 41 155 926 
621 : 623 558 
622 : 620 177 250 
623 : 621 590 499 
624 : 102 286 310 977 742 
625 : 626 938 672 764 
626 : 625 56 143 
627 : 834 55 
628 : 517 500 476 710 963 
629 : 350 193 691 
630 : 276 399 955 331 820 726 
631 : 409 275 552 
632 : 574 345 493 612 804 
633 : 635 577 
634 : 636 550 
635 : 633 680 573 785 801 
636 : 634 161 403 968 721 
637 : 638 570 931 
638 : 637 457 164 561 
639 : 641 584 109 757 
640 : 67 834 872 
641 : 639 967 938 
642 : 643 434 944 
643 : 642 987 596 825 
644 : 646 227 230 
645 : 36 371 429 
646 : 647 644 649 980 686 841 
647 : 646 353 993 982 926 795 
648 : 649 469 
649 : 648 554 646 314 
650 : 651 800 323 451 255 
651 : 650 241 121 772 
652 : 653 491 581 95 
653 : 652 508 758 257 702 798 
654 : 137 314 669 51 857 
655 : 61 311 347 504 753 
656 : 193 433 395 970 
657 : 86 181 909 494 
658 : 24 797 852 202 
659 : 660 508 766 
660 : 659 134 290 779 342 90 
661 : 140 871 994 
662 : 924 598 719 
663 : 67 688 125 586 
664 : 278 431 795 
665 : 66 163 325 992 
666 : 284 502 344 889 915 9 568 445 
667 : 668 669 451 
668 : 667 332 614 
669 : 667 671 548 654 361 963 933 
670 : 200 784 576 
671 : 669 738 897 699 
672 : 673 625 726 
673 : 672 463 762 572 
674 : 330 970 
675 : 829 606 228 
676 : 677 678 
677 : 676 679 468 759 
678 : 676 483 499 444 
679 : 680 677 98 290 742 72 
680 : 679 635 836 70 16 
681 : 38 46 554 
682 : 566 605 342 252 686 
683 : 685 610 843 
684 : 686 148 893 975 
685 : 686 683 288 367 929 980 
686 : 685 687 684 688 249 646 682 
687 : 686 874 911 575 
688 : 686 690 607 663 
689 : 59 756 226 
690 : 688 953 551 694 
691 : 842 629 880 921 
692 : 120 299 364 817 
693 : 694 872 936 
694 : 693 695 690 
695 : 694 697 477 386 978 
696 : 483 266 329 
697 : 695 872 910 
698 : 228 475 165 
699 : 700 916 547 671 986 
700 : 699 701 336 771 901 
701 : 700 6 120 734 871 438 
702 : 944 653 
703 : 947 937 
704 : 705 706 154 352 
705 : 704 706 707 786 
706 : 705 707 704 467 506 186 895 
707 : 706 705 80 157 507 1 
708 : 39 182 214 
709 : 582 277 818 
710 : 711 125 628 
711 : 710 48 267 571 
712 : 364 532 428 128 
713 : 174 414 819 279 510 400 
714 : 715 724 218 
715 : 714 716 338 841 
716 : 715 530 730 602 
717 : 267 598 556 
718 : 720 116 175 999 862 869 
719 : 363 576 60 662 270 
720 : 718 336 222 
721 : 800 72 636 833 
722 : 724 21 513 738 
723 : 51 789 869 89 738 
724 : 722 714 239 233 
725 : 726 192 439 
726 : 725 834 958 672 630 
727 : 316 902 
728 : 562 425 410 230 844 865 
729 : 730 74 
730 : 729 716 313 
731 : 549 416 611 
732 : 524 864 181 
733 : 734 527 2 824 
734 : 733 194 701 454 780 
735 : 168 177 415 462 
736 : 998 451 
737 : 516 191 536 384 
738 : 360 671 722 723 174 
739 : 186 870 
740 : 908 959 40 387 
741 : 743 227 967 799 8 
742 : 15 679 624 460 
743 : 744 741 818 182 
744 : 743 746 435 49 
745 : 109 256 13 199 598 
746 : 744 41 511 994 
747 : 205 271 358 
748 : 385 796 971 1000 234 585 860 
749 : 224 483 899 912 
750 : 446 570 420 
751 : 366 932 887 348 
752 : 753 266 578 213 357 304 
753 : 752 755 419 370 655 
754 : 755 875 
755 : 754 753 486 544 
756 : 689 429 365 
757 : 235 219 441 639 
758 : 653 785 414 559 95 
759 : 677 800 
760 : 262 572 951 942 166 467 
761 : 295 400 131 184 375 584 
762 : 764 75 673 954 
763 : 764 409 979 
764 : 763 765 762 514 995 625 
765 : 764 980 535 
766 : 993 442 659 286 
767 : 126 440 
768 : 14 74 215 365 5 913 869 
769 : 275 797 
770 : 381 525 
771 : 773 316 700 
772 : 27 651 
773 : 774 771 970 853 
774 : 773 39 581 
775 : 508 810 293 330 
776 : 411 896 956 
777 : 778 526 397 609 
778 : 777 780 369 
779 : 781 660 986 984 
780 : 778 792 341 607 734 
781 : 779 783 464 914 469 926 
782 : 784 117 89 
783 : 784 781 785 521 
784 : 783 782 320 670 582 78 
785 : 783 275 758 179 200 635 791 
786 : 705 6 314 146 
787 : 349 896 54 
788 : 790 550 226 276 
789 : 441 723 57 902 337 
790 : 788 792 291 
791 : 152 990 785 805 
792 : 790 780 803 977 
793 : 110 229 470 
794 : 497 940 181 54 876 
795 : 226 395 542 931 664 647 
796 : 47 748 931 507 
797 : 46 658 769 554 
798 : 428 653 
799 : 42 445 741 293 
800 : 721 650 759 489 
801 : 208 455 361 635 
802 : 140 838 502 962 
803 : 792 39 80 361 
804 : 805 806 459 632 
805 : 804 901 129 330 791 942 
806 : 804 307 22 914 
807 : 809 482 
808 : 810 250 519 
809 : 807 195 404 838 31 915 
810 : 811 808 812 775 93 319 461 
811 : 810 813 863 829 112 
812 : 813 810 854 
813 : 812 811 532 295 155 
814 : 105 154 
815 : 817 585 988 591 
816 : 817 433 918 999 997 
817 : 816 815 332 42 10 692 
818 : 743 579 709 945 
819 : 713 201 
820 : 839 630 522 
821 : 822 823 43 339 939 
822 : 821 824 437 447 
823 : 821 527 96 
824 : 822 304 848 733 
825 : 413 442 643 370 
826 : 593 942 
827 : 828 613 509 459 
828 : 827 77 940 539 550 218 
829 : 831 675 811 548 
830 : 362 121 286 
831 : 829 581 405 558 
832 : 81 555 492 133 
833 : 26 492 42 721 
834 : 627 726 640 361 
835 : 90 598 91 423 574 
836 : 680 481 614 873 
837 : 66 416 303 407 
838 : 839 802 809 486 917 
839 : 838 820 521 334 485 543 920 
840 : 9 46 43 
841 : 842 28 715 646 
842 : 841 844 422 691 55 122 974 
843 : 844 845 683 610 
844 : 843 845 842 143 313 354 728 
845 : 844 843 862 165 206 
846 : 495 383 
847 : 849 900 883 
848 : 850 824 380 194 
849 : 847 520 268 614 918 
850 : 851 848 852 
851 : 850 341 414 182 383 854 
852 : 850 658 285 497 
853 : 855 531 773 
854 : 519 422 370 812 851 916 
855 : 853 857 154 605 
856 : 857 471 
857 : 856 858 855 859 363 463 654 
858 : 857 157 438 321 
859 : 857 288 115 
860 : 861 907 542 748 
861 : 860 162 423 586 473 584 
862 : 97 213 845 718 885 217 78 
863 : 864 811 401 
864 : 863 732 196 550 
865 : 866 935 728 
866 : 865 85 214 970 
867 : 910 236 
868 : 992 964 974 877 961 
869 : 723 768 718 
870 : 965 739 69 
871 : 701 661 39 
872 : 874 138 697 496 640 693 
873 : 211 836 
874 : 872 876 222 687 177 
875 : 522 754 178 
876 : 874 106 118 457 794 
877 : 897 287 868 280 
878 : 331 882 
879 : 287 467 239 
880 : 881 67 269 691 551 
881 : 880 34 266 153 503 536 
882 : 883 878 349 
883 : 882 593 847 68 951 
884 : 885 362 578 256 
885 : 884 582 862 373 543 
886 : 33 227 478 
887 : 751 336 
888 : 889 974 
889 : 888 666 945 
890 : 891 419 353 
891 : 890 188 287 123 
892 : 894 436 474 
893 : 382 246 259 684 
894 : 892 241 163 114 304 317 
895 : 476 236 706 
896 : 787 263 776 929 
897 : 899 877 671 520 
898 : 899 999 116 
899 : 898 897 291 749 272 
900 : 11 847 148 7 410 
901 : 54 805 507 155 358 700 
902 : 904 600 789 185 554 727 
903 : 341 436 
904 : 905 902 135 464 910 
905 : 904 315 107 235 
906 : 562 344 543 
907 : 860 97 60 
908 : 19 740 573 234 
909 : 911 657 278 
910 : 912 867 326 152 697 904 
911 : 909 53 687 18 951 
912 : 913 910 92 518 749 
913 : 912 915 768 186 392 
914 : 915 510 781 88 294 806 334 
915 : 914 913 456 666 487 809 
916 : 550 699 854 315 
917 : 440 23 838 457 
918 : 920 816 849 
919 : 920 232 
920 : 919 918 381 839 
921 : 350 691 
922 : 924 244 387 
923 : 107 563 
924 : 922 926 10 662 343 
925 : 11 108 280 52 
926 : 924 402 620 559 381 444 501 647 781 
927 : 928 169 606 
928 : 927 929 17 
929 : 928 930 531 896 685 
930 : 929 931 210 517 
931 : 930 513 796 795 637 
932 : 933 934 751 
933 : 932 578 669 
934 : 932 936 443 235 
935 : 865 360 470 
936 : 937 934 538 981 693 
937 : 936 196 703 420 
938 : 112 625 556 641 264 981 
939 : 110 404 821 972 
940 : 595 794 828 986 93 
941 : 942 406 560 
942 : 941 760 318 826 805 
943 : 944 330 455 
944 : 943 230 702 565 642 550 
945 : 946 57 889 818 
946 : 945 947 500 
947 : 946 703 268 192 94 
948 : 950 254 
949 : 361 78 393 268 979 
950 : 951 948 554 
951 : 950 760 452 580 883 911 
952 : 953 225 57 
953 : 952 577 690 331 437 
954 : 762 361 305 73 
955 : 957 609 630 379 
956 : 957 157 776 
957 : 956 955 959 596 92 103 
958 : 726 32 390 
959 : 957 740 424 
960 : 962 531 307 
961 : 962 868 
962 : 961 960 964 312 87 424 802 
963 : 669 628 
964 : 962 868 462 559 
965 : 178 619 870 394 510 
966 : 968 408 279 
967 : 85 641 741 399 300 525 
968 : 969 966 970 359 496 636 
969 : 968 970 971 
970 : 969 968 773 674 866 656 
971 : 969 973 44 748 
972 : 370 380 78 351 538 939 
973 : 971 555 614 187 480 14 
974 : 868 18 888 842 
975 : 139 684 
976 : 428 292 388 
977 : 624 792 341 
978 : 695 523 584 
979 : 980 106 763 949 
980 : 979 7 765 646 562 685 
981 : 936 476 938 
982 : 984 647 145 576 
983 : 984 225 
984 : 983 985 982 187 289 180 779 
985 : 984 986 316 
986 : 985 940 779 699 383 
987 : 989 643 232 
988 : 815 38 298 353 
989 : 987 991 485 619 
990 : 791 162 83 
991 : 992 989 993 231 187 308 
992 : 991 48 63 868 501 665 
993 : 994 991 995 559 647 766 
994 : 993 255 413 82 140 746 661 
995 : 993 997 764 
996 : 998 613 96 332 
997 : 995 461 572 534 816 
998 : 996 736 496 261 413 224 
999 : 718 898 31 816 133 
1000 : 123 535 748 71 222 
