1 : 176 106 126 272 674 737 
2 : 4 427 660 
3 : 911 455 713 554 
4 : 5 2 564 505 548 
5 : 4 947 871 146 
6 : 7 971 234 359 666 
7 : 6 835 438 250 673 726 
8 : 10 660 
9 : 11 674 
10 : 8 449 692 
11 : 9 642 805 477 
12 : 279 360 150 748 
13 : 117 619 877 
14 : 329 520 516 623 
15 : 909 319 938 508 
16 : 17 392 
17 : 16 18 762 672 947 
18 : 17 20 701 927 315 
19 : 33 708 
20 : 18 693 545 658 
21 : 151 154 580 753 
22 : 859 182 107 155 
23 : 24 559 
24 : 23 26 182 220 
25 : 357 604 663 1000 
26 : 24 28 369 136 855 
27 : 694 495 136 239 
28 : 26 468 596 77 
29 : 30 597 795 
30 : 29 888 323 
31 : 32 169 882 709 819 838 960 
32 : 31 34 685 681 749 
33 : 19 887 806 116 
34 : 32 275 279 601 856 
35 : 496 295 806 956 
36 : 576 637 49 
37 : 857 371 884 742 
38 : 864 916 
39 : 41 911 137 
40 : 41 42 437 786 
41 : 40 39 688 336 638 916 
42 : 40 827 990 383 867 
43 : 44 45 354 791 
44 : 43 351 415 
45 : 43 135 951 999 
46 : 246 876 
47 : 48 49 378 
48 : 47 930 470 558 466 540 
49 : 50 47 605 36 202 344 
50 : 49 549 461 204 496 
51 : 52 53 
52 : 51 839 350 578 781 129 
53 : 51 631 244 757 574 861 
54 : 675 245 
55 : 436 722 814 
56 : 988 276 405 
57 : 58 819 
58 : 57 195 792 890 308 
59 : 356 648 
60 : 62 952 858 253 
61 : 880 458 372 
62 : 63 60 884 136 406 
63 : 62 64 65 803 667 
64 : 63 637 477 670 
65 : 63 235 991 200 754 769 946 
66 : 623 961 
67 : 68 306 141 
68 : 67 268 573 
69 : 71 732 289 715 
70 : 275 737 319 690 
71 : 69 299 847 295 614 
72 : 581 237 256 382 410 876 650 949 
73 : 469 439 202 704 
74 : 76 796 966 
75 : 262 366 173 461 
76 : 74 78 918 198 427 
77 : 78 844 28 
78 : 77 76 91 723 499 
79 : 81 510 
80 : 506 957 653 
81 : 79 188 708 285 
82 : 787 673 427 242 284 
83 : 611 328 922 642 89 834 
84 : 551 555 589 387 468 
85 : 87 566 
86 : 119 936 
87 : 85 172 193 
88 : 851 183 730 970 
89 : 115 572 83 882 
90 : 564 122 164 588 196 822 
91 : 78 277 138 
92 : 94 974 
93 : 95 98 410 
94 : 95 92 540 
95 : 94 96 93 97 427 838 
96 : 95 871 665 603 
97 : 95 883 735 683 
98 : 93 762 232 642 723 111 
99 : 860 939 
100 : 118 431 
101 : 102 347 
102 : 101 475 117 135 239 
103 : 476 332 970 
104 : 523 691 115 
105 : 143 360 407 909 585 596 
106 : 1 627 727 
107 : 108 339 22 374 158 531 
108 : 107 148 653 910 
109 : 110 721 832 579 212 
110 : 109 111 486 591 
111 : 110 305 422 98 
112 : 986 688 803 762 
113 : 220 567 767 
114 : 221 237 149 
115 : 89 890 104 525 
116 : 117 416 33 703 
117 : 116 13 102 910 620 
118 : 100 834 249 
119 : 86 480 313 411 363 
120 : 121 294 219 528 
121 : 120 636 416 
122 : 124 90 474 
123 : 340 275 
124 : 122 990 196 501 
125 : 847 994 
126 : 1 591 648 961 
127 : 954 743 
128 : 705 830 142 
129 : 859 52 455 
130 : 131 178 331 
131 : 130 697 796 
132 : 278 229 408 
133 : 153 310 894 679 
134 : 245 370 168 
135 : 45 102 497 730 431 
136 : 26 27 62 
137 : 39 964 181 919 
138 : 813 329 91 701 
139 : 566 529 
140 : 141 381 
141 : 140 143 826 187 67 
142 : 192 173 128 213 
143 : 141 105 457 282 940 875 444 
144 : 145 146 291 863 
145 : 144 147 212 
146 : 144 148 625 636 5 982 
147 : 145 893 385 235 
148 : 146 108 213 258 327 432 838 
149 : 207 114 
150 : 916 690 12 
151 : 152 21 309 388 
152 : 151 222 893 684 
153 : 133 569 979 958 
154 : 21 907 
155 : 804 22 
156 : 157 927 801 
157 : 156 997 659 
158 : 991 855 917 107 
159 : 611 937 835 
160 : 162 836 601 514 
161 : 961 455 
162 : 160 164 604 
163 : 537 208 914 
164 : 162 90 830 
165 : 988 744 449 
166 : 167 845 638 
167 : 166 169 732 307 
168 : 169 134 205 267 
169 : 168 167 31 967 
170 : 809 241 677 
171 : 431 620 
172 : 173 87 891 870 
173 : 172 175 142 75 844 
174 : 320 859 285 
175 : 176 173 793 425 669 
176 : 175 178 1 958 761 
177 : 178 405 868 
178 : 177 176 681 197 571 130 489 893 
179 : 886 549 
180 : 181 325 
181 : 180 465 684 944 137 563 
182 : 24 22 322 
183 : 88 670 
184 : 185 592 998 932 
185 : 184 331 764 251 
186 : 188 727 340 
187 : 141 623 
188 : 186 190 81 663 304 403 404 
189 : 633 490 982 
190 : 191 188 773 
191 : 190 193 980 614 679 549 712 
192 : 193 142 357 624 760 
193 : 192 194 191 343 345 906 87 378 280 488 
194 : 193 817 515 225 602 
195 : 58 431 774 404 
196 : 124 90 477 
197 : 178 376 
198 : 199 76 
199 : 198 760 369 928 603 687 925 
200 : 571 65 631 640 
201 : 202 203 413 
202 : 201 934 49 73 480 
203 : 201 573 382 973 
204 : 795 680 50 
205 : 207 548 295 168 
206 : 441 632 916 390 675 
207 : 205 209 149 459 366 
208 : 163 433 958 378 
209 : 207 346 301 569 749 394 
210 : 212 495 231 613 
211 : 213 792 802 
212 : 210 145 779 436 590 109 
213 : 211 148 857 517 142 222 428 989 
214 : 522 912 
215 : 575 797 417 
216 : 242 261 775 800 439 941 
217 : 219 357 315 661 
218 : 220 466 737 347 416 
219 : 217 974 999 120 520 
220 : 218 113 572 24 
221 : 114 291 759 760 
222 : 223 152 213 719 
223 : 222 868 957 851 845 
224 : 225 270 869 
225 : 224 332 194 
226 : 788 846 329 
227 : 228 475 662 
228 : 227 484 269 246 393 713 
229 : 230 777 132 697 
230 : 229 1000 850 514 335 591 985 
231 : 210 445 544 557 613 
232 : 98 335 
233 : 460 886 
234 : 663 874 970 6 431 
235 : 65 717 147 
236 : 717 753 826 965 
237 : 72 714 852 114 933 
238 : 239 624 333 
239 : 238 494 102 27 
240 : 242 381 444 
241 : 243 170 
242 : 243 240 216 82 512 
243 : 242 244 241 245 247 682 799 
244 : 243 53 249 738 
245 : 246 243 247 134 54 
246 : 245 247 46 584 946 228 670 
247 : 246 245 243 454 
248 : 249 311 
249 : 248 244 463 118 589 426 559 
250 : 719 861 7 
251 : 855 185 381 
252 : 796 288 898 
253 : 543 60 720 781 
254 : 256 324 1000 
255 : 331 979 
256 : 254 72 905 979 791 
257 : 658 670 442 716 
258 : 148 866 310 
259 : 260 471 
260 : 259 261 292 724 335 
261 : 260 216 274 625 
262 : 75 781 628 481 
263 : 271 959 
264 : 365 668 987 507 604 
265 : 266 812 305 694 
266 : 265 267 962 
267 : 266 268 168 
268 : 267 269 68 290 321 
269 : 268 271 228 543 
270 : 224 932 
271 : 272 269 263 615 527 665 
272 : 271 1 471 407 
273 : 274 880 
274 : 273 261 1000 530 
275 : 34 70 680 716 123 606 
276 : 937 56 281 
277 : 279 91 307 387 759 
278 : 280 132 910 
279 : 277 12 34 621 327 558 
280 : 278 386 813 193 
281 : 282 682 276 773 
282 : 281 143 416 352 
283 : 285 789 
284 : 331 398 82 
285 : 283 757 530 639 174 81 935 
286 : 288 796 
287 : 288 755 990 
288 : 287 286 406 767 977 252 946 633 
289 : 69 674 792 
290 : 292 827 268 
291 : 221 144 646 298 
292 : 290 260 496 372 859 
293 : 775 577 309 
294 : 295 296 120 301 876 
295 : 294 205 728 818 35 71 432 883 
296 : 294 377 523 362 676 
297 : 590 318 355 721 
298 : 299 821 291 583 981 
299 : 298 71 628 766 386 
300 : 946 782 944 728 
301 : 209 622 667 294 910 
302 : 419 650 905 
303 : 304 305 367 686 931 
304 : 303 306 188 425 988 
305 : 303 111 513 847 265 693 776 
306 : 304 67 760 
307 : 277 445 167 
308 : 442 895 58 388 
309 : 450 151 293 683 
310 : 312 133 258 984 
311 : 313 464 248 
312 : 310 314 706 
313 : 311 119 585 687 780 
314 : 315 312 340 530 403 
315 : 314 217 18 334 810 
316 : 318 435 
317 : 879 878 920 
318 : 316 611 297 803 
319 : 15 464 70 
320 : 174 854 721 608 
321 : 322 747 268 
322 : 321 323 961 182 595 
323 : 322 325 490 30 579 
324 : 254 506 968 894 
325 : 323 751 326 600 180 806 740 
326 : 325 582 929 
327 : 148 627 279 
328 : 330 83 493 887 911 
329 : 14 138 426 226 471 
330 : 328 572 485 
331 : 185 255 284 809 130 747 
332 : 225 103 555 657 679 
333 : 425 379 238 510 853 
334 : 373 315 
335 : 482 931 232 260 230 854 
336 : 337 41 548 
337 : 336 760 818 800 
338 : 831 662 
339 : 107 981 
340 : 123 314 186 
341 : 342 460 710 549 
342 : 341 829 826 617 429 486 
343 : 193 362 525 846 
344 : 345 471 49 
345 : 344 347 193 386 
346 : 209 568 350 
347 : 345 663 353 101 218 875 
348 : 349 779 534 841 
349 : 348 351 396 
350 : 52 346 958 
351 : 352 349 44 456 
352 : 351 353 282 490 
353 : 352 347 981 470 899 
354 : 446 654 43 
355 : 604 297 
356 : 357 59 903 951 
357 : 356 358 25 217 192 885 438 
358 : 357 359 785 439 
359 : 358 423 929 6 389 
360 : 105 12 597 764 
361 : 395 548 
362 : 343 945 296 
363 : 364 119 
364 : 363 953 420 976 387 
365 : 367 264 489 401 
366 : 75 207 418 
367 : 365 303 389 563 
368 : 568 703 581 
369 : 371 26 199 699 
370 : 134 831 509 
371 : 369 37 547 640 852 
372 : 373 61 292 855 
373 : 372 334 711 873 534 
374 : 599 107 934 606 
375 : 849 711 476 
376 : 954 197 751 494 535 
377 : 379 296 986 689 
378 : 380 47 504 193 208 664 
379 : 377 381 333 462 746 
380 : 378 382 708 723 
381 : 379 240 501 543 140 251 615 
382 : 380 72 203 488 517 648 
383 : 559 603 42 
384 : 396 926 773 435 
385 : 927 505 147 679 487 
386 : 388 280 345 299 
387 : 277 897 935 84 364 493 
388 : 386 706 308 151 
389 : 647 367 359 705 
390 : 392 827 206 
391 : 393 823 
392 : 390 401 790 16 429 
393 : 394 391 228 
394 : 393 396 788 209 
395 : 361 782 953 588 743 
396 : 397 394 349 384 624 
397 : 396 440 769 454 
398 : 284 907 
399 : 849 823 
400 : 402 764 574 656 
401 : 402 392 787 365 
402 : 401 400 468 473 
403 : 188 670 811 314 480 
404 : 188 923 947 195 830 
405 : 687 177 56 
406 : 288 772 62 
407 : 105 998 272 
408 : 921 132 
409 : 993 510 542 657 890 
410 : 72 93 630 
411 : 608 119 862 708 
412 : 413 883 
413 : 412 718 201 
414 : 416 678 921 752 790 
415 : 919 44 694 750 
416 : 414 116 804 121 282 218 
417 : 865 215 529 
418 : 915 366 823 
419 : 421 302 653 816 966 585 
420 : 364 675 566 
421 : 422 419 423 
422 : 421 424 111 
423 : 424 421 425 359 771 915 
424 : 423 422 448 788 
425 : 423 427 333 304 175 858 
426 : 329 843 249 
427 : 425 2 95 82 76 
428 : 542 213 431 940 988 
429 : 899 392 342 
430 : 431 995 950 
431 : 430 171 195 744 100 135 234 428 
432 : 148 551 295 
433 : 208 827 972 884 
434 : 722 440 
435 : 316 549 384 
436 : 438 55 212 616 
437 : 40 807 995 642 
438 : 439 436 7 357 
439 : 438 73 959 358 216 
440 : 442 397 638 707 434 
441 : 206 553 530 451 
442 : 440 308 855 475 628 257 
443 : 547 501 
444 : 240 143 
445 : 447 307 231 875 505 730 
446 : 354 470 714 
447 : 445 596 745 
448 : 449 424 494 
449 : 448 10 946 165 
450 : 309 542 862 
451 : 729 441 
452 : 453 735 796 866 
453 : 452 455 986 
454 : 600 761 996 247 397 465 
455 : 453 3 129 161 598 459 
456 : 457 351 608 815 
457 : 456 458 143 768 955 
458 : 457 460 61 893 
459 : 460 207 695 455 
460 : 459 458 462 233 341 
461 : 467 50 75 
462 : 460 464 379 
463 : 249 567 
464 : 462 311 319 813 
465 : 466 181 454 
466 : 465 467 218 48 767 832 
467 : 466 469 461 501 
468 : 28 402 615 989 84 
469 : 467 471 73 902 492 
470 : 446 48 353 
471 : 469 344 259 272 329 624 
472 : 977 936 
473 : 474 524 598 402 642 557 
474 : 473 475 122 733 
475 : 474 477 102 442 227 
476 : 103 827 375 
477 : 475 705 11 64 196 
478 : 480 786 
479 : 480 680 
480 : 479 481 478 119 202 403 
481 : 480 577 262 564 
482 : 335 933 941 738 
483 : 485 646 513 
484 : 485 228 815 948 
485 : 484 486 483 487 330 
486 : 485 110 342 
487 : 485 995 552 558 385 
488 : 740 382 193 645 685 938 
489 : 365 730 178 693 
490 : 323 189 352 897 993 
491 : 493 970 811 
492 : 639 528 469 
493 : 491 328 725 987 387 
494 : 495 239 448 376 
495 : 494 210 27 899 978 883 933 
496 : 35 292 50 
497 : 135 882 986 
498 : 902 846 874 
499 : 500 78 536 863 927 
500 : 499 502 734 
501 : 503 381 467 986 124 443 829 
502 : 500 504 856 727 748 
503 : 501 505 765 
504 : 502 378 925 
505 : 503 385 4 445 627 
506 : 508 80 324 642 
507 : 677 963 264 
508 : 509 506 15 725 974 
509 : 508 763 370 
510 : 79 409 671 333 
511 : 513 900 883 674 
512 : 513 242 
513 : 512 511 305 992 835 483 
514 : 981 230 160 
515 : 516 194 519 
516 : 515 517 14 772 872 
517 : 516 213 382 
518 : 520 840 
519 : 525 515 975 
520 : 518 664 14 219 
521 : 523 681 
522 : 214 789 698 
523 : 521 104 738 296 724 
524 : 526 473 
525 : 519 579 886 343 115 953 
526 : 524 918 857 962 646 
527 : 529 546 271 
528 : 492 120 
529 : 527 890 139 417 558 612 
530 : 285 314 441 274 771 
531 : 556 107 
532 : 533 534 
533 : 532 930 848 954 
534 : 535 532 348 373 593 
535 : 534 536 842 376 787 
536 : 535 857 780 499 967 
537 : 538 539 163 566 
538 : 537 540 812 624 
539 : 537 769 844 900 
540 : 538 860 94 48 594 
541 : 543 634 976 
542 : 428 450 409 823 861 
543 : 541 253 381 269 
544 : 546 231 793 
545 : 546 547 702 20 
546 : 545 544 527 993 905 
547 : 545 443 371 906 992 
548 : 549 205 565 336 361 4 717 
549 : 548 550 50 435 952 179 341 191 929 
550 : 549 677 859 
551 : 553 84 432 
552 : 487 835 
553 : 551 441 773 727 598 
554 : 891 3 997 
555 : 84 332 913 
556 : 531 849 610 722 
557 : 231 473 609 
558 : 487 666 48 529 279 
559 : 560 383 973 980 23 249 
560 : 559 656 909 592 
561 : 635 903 
562 : 580 627 
563 : 564 181 367 
564 : 563 90 4 481 
565 : 548 840 774 
566 : 85 139 537 738 420 915 824 831 
567 : 569 113 463 671 
568 : 346 368 735 632 
569 : 567 153 209 760 833 
570 : 913 700 583 
571 : 573 200 178 
572 : 574 220 330 89 647 
573 : 571 203 686 68 807 
574 : 572 576 400 53 
575 : 576 577 215 828 636 
576 : 575 577 574 578 36 612 
577 : 576 575 579 481 293 
578 : 576 580 52 641 
579 : 580 577 525 109 323 
580 : 579 578 562 21 617 
581 : 72 707 368 957 
582 : 326 901 977 
583 : 585 846 298 570 
584 : 246 865 948 716 784 892 
585 : 583 313 651 105 419 
586 : 588 887 
587 : 588 719 
588 : 587 586 883 786 90 395 903 948 
589 : 591 84 249 
590 : 592 297 212 
591 : 589 126 896 110 230 
592 : 590 184 560 
593 : 993 534 942 
594 : 829 540 
595 : 597 633 758 322 
596 : 447 667 28 105 
597 : 595 29 360 890 
598 : 473 836 455 553 950 
599 : 374 909 706 
600 : 602 454 325 821 
601 : 160 34 930 753 
602 : 600 825 194 
603 : 383 96 199 877 782 847 
604 : 605 162 355 25 264 
605 : 604 49 645 
606 : 625 275 374 
607 : 608 824 874 
608 : 607 411 756 456 320 
609 : 877 557 
610 : 732 556 679 
611 : 613 83 159 318 764 701 
612 : 576 529 732 
613 : 614 611 231 210 
614 : 613 191 71 
615 : 468 271 742 381 
616 : 618 436 
617 : 618 619 342 580 
618 : 617 619 616 846 
619 : 618 620 617 621 13 
620 : 619 621 622 768 117 171 
621 : 620 622 619 279 871 843 
622 : 621 620 624 301 794 888 
623 : 66 884 740 187 14 
624 : 622 538 238 396 471 192 
625 : 146 606 726 261 856 
626 : 770 759 
627 : 327 106 562 505 
628 : 299 442 262 686 
629 : 630 853 
630 : 629 631 410 
631 : 630 632 53 635 200 958 
632 : 631 206 754 568 972 
633 : 189 595 767 683 288 
634 : 541 721 693 842 
635 : 561 631 985 796 
636 : 121 146 739 575 
637 : 64 36 817 
638 : 639 440 659 166 41 943 
639 : 638 492 285 892 
640 : 921 371 200 
641 : 946 578 
642 : 11 506 98 652 83 473 437 
643 : 992 847 
644 : 646 971 933 
645 : 979 605 488 
646 : 644 483 291 526 
647 : 389 829 572 
648 : 126 983 59 382 
649 : 650 903 
650 : 649 302 72 940 
651 : 653 585 
652 : 654 642 
653 : 651 419 108 80 
654 : 652 656 354 
655 : 656 657 
656 : 655 654 560 400 750 848 
657 : 655 409 332 
658 : 257 843 20 
659 : 638 157 928 
660 : 8 2 828 
661 : 663 217 902 
662 : 866 338 227 895 
663 : 664 661 188 234 347 25 
664 : 663 520 791 378 
665 : 96 271 
666 : 558 6 
667 : 596 301 63 
668 : 670 264 717 
669 : 819 773 175 
670 : 668 403 183 246 257 64 
671 : 510 567 901 905 
672 : 906 17 707 
673 : 82 7 885 
674 : 9 1 289 511 
675 : 54 420 206 
676 : 923 296 
677 : 678 507 550 170 963 
678 : 677 414 738 744 881 
679 : 191 133 385 610 332 
680 : 682 275 204 479 
681 : 178 521 32 949 
682 : 680 281 243 
683 : 633 908 97 309 978 
684 : 181 152 
685 : 32 858 488 
686 : 688 573 303 628 
687 : 688 405 313 199 
688 : 687 686 690 41 112 
689 : 942 377 996 
690 : 688 150 70 
691 : 692 104 802 
692 : 691 693 10 876 
693 : 692 694 20 489 634 305 939 
694 : 693 27 926 415 265 755 
695 : 697 459 
696 : 726 922 
697 : 698 695 131 229 963 
698 : 697 730 729 522 766 
699 : 369 703 
700 : 570 951 782 
701 : 18 928 879 138 611 
702 : 704 545 
703 : 843 368 699 116 804 
704 : 702 836 73 746 881 
705 : 706 128 477 389 
706 : 705 707 312 388 599 743 
707 : 706 581 440 912 672 867 
708 : 380 925 19 81 411 
709 : 890 31 
710 : 712 341 
711 : 713 373 921 375 
712 : 713 710 191 
713 : 712 711 3 228 937 
714 : 716 237 446 
715 : 69 886 
716 : 714 275 584 257 902 
717 : 235 236 668 548 
718 : 719 413 812 
719 : 718 720 250 587 222 894 
720 : 719 721 872 915 253 
721 : 720 634 109 736 320 297 
722 : 434 55 556 
723 : 725 380 78 98 
724 : 726 260 523 
725 : 723 493 508 
726 : 727 724 625 696 911 7 
727 : 726 186 502 553 106 
728 : 295 300 
729 : 731 451 698 896 
730 : 489 698 135 88 445 
731 : 729 906 991 
732 : 69 167 610 828 612 
733 : 788 853 474 
734 : 735 500 781 
735 : 734 737 568 97 452 
736 : 721 872 969 
737 : 735 739 218 1 70 
738 : 523 678 566 244 482 
739 : 737 741 636 938 
740 : 488 623 949 325 
741 : 742 739 743 
742 : 741 615 913 37 778 
743 : 741 802 127 706 395 
744 : 431 678 165 774 
745 : 942 447 984 962 
746 : 379 704 
747 : 321 331 
748 : 502 12 
749 : 209 32 
750 : 796 656 415 
751 : 752 325 376 948 971 
752 : 751 753 414 
753 : 752 754 21 236 601 
754 : 753 632 65 
755 : 756 287 694 765 
756 : 755 757 608 932 775 
757 : 756 285 53 841 
758 : 595 862 
759 : 221 626 277 
760 : 199 337 569 984 221 306 192 
761 : 454 885 934 176 
762 : 98 17 112 
763 : 764 509 833 837 
764 : 763 765 400 611 185 360 954 
765 : 764 766 503 755 820 
766 : 765 768 299 920 698 
767 : 633 288 113 466 991 
768 : 766 770 620 457 
769 : 770 539 397 65 
770 : 769 768 772 626 852 
771 : 423 530 
772 : 773 770 406 965 516 
773 : 772 553 669 778 877 190 281 384 909 
774 : 914 195 744 565 
775 : 293 216 756 
776 : 835 305 
777 : 229 887 993 
778 : 780 773 783 742 
779 : 781 212 348 
780 : 778 536 313 
781 : 779 262 52 734 253 980 
782 : 395 300 700 603 
783 : 778 882 
784 : 912 584 
785 : 787 358 
786 : 478 588 868 40 
787 : 785 82 401 535 
788 : 789 790 226 394 733 424 944 
789 : 788 790 791 283 522 
790 : 789 788 392 414 
791 : 789 664 989 256 43 
792 : 211 58 289 
793 : 175 892 544 857 923 
794 : 622 842 
795 : 797 204 930 29 
796 : 74 252 286 750 958 854 131 635 452 
797 : 795 799 215 882 
798 : 799 963 995 
799 : 798 800 797 942 243 
800 : 799 801 216 337 
801 : 800 802 156 
802 : 801 743 211 691 949 836 
803 : 805 63 112 318 
804 : 155 416 809 703 
805 : 803 807 11 
806 : 807 33 325 35 
807 : 806 805 437 573 927 
808 : 810 845 
809 : 170 331 804 982 826 
810 : 808 984 315 
811 : 403 491 
812 : 538 889 265 718 842 
813 : 815 138 280 955 464 
814 : 928 55 910 983 
815 : 813 484 456 
816 : 818 419 
817 : 819 194 973 637 
818 : 816 820 295 337 
819 : 817 669 871 990 57 31 
820 : 818 864 765 
821 : 298 600 
822 : 974 90 
823 : 391 542 399 418 
824 : 607 566 
825 : 826 827 602 
826 : 825 141 342 941 809 236 979 
827 : 825 829 42 290 390 476 433 
828 : 732 575 660 1000 
829 : 830 827 342 594 647 501 837 
830 : 829 831 128 164 404 
831 : 830 832 338 370 566 
832 : 831 109 466 
833 : 835 763 569 
834 : 835 118 83 
835 : 834 833 7 776 513 552 159 
836 : 160 704 598 802 
837 : 838 763 829 909 
838 : 837 95 148 31 
839 : 841 52 982 
840 : 841 842 518 565 
841 : 840 842 839 757 348 
842 : 841 840 535 794 812 634 
843 : 658 703 426 621 
844 : 77 539 173 
845 : 808 166 223 
846 : 583 226 498 618 343 
847 : 125 305 71 643 603 
848 : 533 656 924 
849 : 850 375 399 556 892 
850 : 849 852 230 
851 : 852 853 88 223 
852 : 851 850 770 237 371 
853 : 851 733 629 333 
854 : 320 796 335 
855 : 251 442 158 372 26 
856 : 857 502 625 34 
857 : 856 37 213 536 526 793 
858 : 685 60 425 
859 : 22 129 174 550 292 
860 : 861 862 99 540 
861 : 860 250 542 53 
862 : 863 860 864 411 450 758 
863 : 862 144 499 
864 : 865 862 866 38 820 
865 : 864 417 584 937 905 
866 : 864 662 258 452 
867 : 948 707 42 
868 : 223 786 177 
869 : 870 224 958 
870 : 869 871 172 
871 : 870 96 819 5 621 907 
872 : 720 994 736 516 
873 : 976 373 961 
874 : 234 607 498 
875 : 445 143 347 
876 : 72 46 692 294 
877 : 609 773 603 13 
878 : 880 317 
879 : 881 317 701 993 
880 : 881 878 882 61 956 273 
881 : 880 879 886 678 704 
882 : 880 797 31 497 783 89 
883 : 97 588 511 943 412 495 295 
884 : 623 37 62 433 
885 : 761 357 673 
886 : 888 179 881 525 233 715 
887 : 33 586 777 328 
888 : 889 886 30 622 
889 : 888 891 812 962 
890 : 115 529 709 58 992 409 597 909 
891 : 889 893 554 925 172 
892 : 793 639 849 584 
893 : 891 147 458 152 178 
894 : 133 324 719 
895 : 308 662 
896 : 591 729 
897 : 387 490 978 
898 : 911 252 952 
899 : 429 495 353 
900 : 901 511 539 
901 : 900 902 582 671 
902 : 901 469 498 661 716 
903 : 356 962 561 588 649 913 
904 : 905 906 
905 : 904 256 302 546 865 671 
906 : 904 672 731 193 547 968 
907 : 908 154 398 871 932 
908 : 907 910 683 
909 : 15 599 105 560 773 890 837 
910 : 908 278 117 108 814 301 
911 : 3 39 898 726 328 
912 : 914 784 707 214 
913 : 915 570 742 555 903 
914 : 915 912 916 774 163 
915 : 914 913 418 720 566 423 
916 : 914 150 206 38 41 
917 : 919 158 
918 : 919 920 76 526 
919 : 918 920 917 415 137 
920 : 919 918 922 766 317 
921 : 923 408 640 711 414 
922 : 920 924 83 696 
923 : 921 676 404 793 
924 : 922 994 848 
925 : 926 708 891 504 199 
926 : 925 928 694 384 
927 : 385 18 156 807 499 961 
928 : 926 930 701 814 199 659 
929 : 359 981 326 549 
930 : 931 928 932 48 533 795 601 
931 : 930 335 303 
932 : 933 930 270 756 907 184 
933 : 932 482 644 237 495 
934 : 936 202 761 374 
935 : 387 976 285 
936 : 937 934 86 472 977 
937 : 936 276 865 159 713 
938 : 739 15 488 
939 : 940 99 693 
940 : 939 143 650 428 
941 : 826 969 482 216 
942 : 689 745 799 593 
943 : 883 638 
944 : 181 300 788 
945 : 947 362 
946 : 300 449 641 246 288 65 987 
947 : 945 5 404 17 
948 : 867 584 484 751 588 
949 : 740 681 802 72 
950 : 967 430 598 
951 : 953 700 45 356 
952 : 60 549 898 
953 : 951 364 395 525 
954 : 955 127 376 533 764 
955 : 954 813 457 
956 : 880 35 
957 : 223 80 581 
958 : 176 796 208 350 631 869 153 
959 : 961 439 263 
960 : 961 31 
961 : 960 959 161 322 66 126 873 927 
962 : 889 903 266 526 745 
963 : 965 507 677 697 798 
964 : 966 137 
965 : 963 772 236 
966 : 964 419 74 
967 : 968 950 169 536 
968 : 967 970 324 906 
969 : 941 736 
970 : 968 491 234 103 88 
971 : 644 6 751 
972 : 973 433 632 975 
973 : 972 817 559 203 
974 : 975 92 219 822 508 
975 : 974 976 977 519 972 
976 : 975 873 935 364 541 
977 : 975 472 288 936 582 
978 : 495 683 897 
979 : 645 256 153 255 826 
980 : 191 559 997 781 
981 : 514 929 339 353 298 
982 : 839 809 189 146 
983 : 648 814 
984 : 810 760 745 310 
985 : 635 230 
986 : 987 112 377 453 501 497 
987 : 986 493 264 946 
988 : 56 165 304 428 
989 : 791 468 213 
990 : 124 819 42 287 
991 : 158 65 731 767 
992 : 513 643 890 547 
993 : 409 546 593 879 777 490 997 
994 : 996 924 872 125 
995 : 487 430 437 798 
996 : 994 454 689 
997 : 157 980 554 993 
998 : 1000 407 184 
999 : 219 45 
1000 : 998 230 254 274 828 25 
