1 : 690 398 780 929 463 832 
2 : 643 337 167 689 
3 : 561 386 
4 : 29 302 148 320 389 
5 : 649 331 
6 : 220 106 722 68 791 
7 : 9 308 488 628 
8 : 251 848 358 
9 : 10 7 346 122 
10 : 9 11 374 428 
11 : 10 841 118 
12 : 219 694 88 808 
13 : 368 613 716 997 
14 : 15 259 475 952 660 
15 : 14 16 299 751 804 159 769 
16 : 15 171 114 668 904 
17 : 18 664 624 885 
18 : 17 806 449 
19 : 623 128 79 799 
20 : 85 30 362 351 
21 : 495 857 
22 : 115 163 542 688 866 
23 : 24 864 705 
24 : 23 25 720 177 982 
25 : 24 26 27 260 
26 : 25 28 243 465 638 711 
27 : 25 262 89 582 853 
28 : 26 43 669 271 
29 : 4 243 276 352 96 363 
30 : 20 348 426 
31 : 373 265 
32 : 902 802 888 144 
33 : 822 75 
34 : 725 110 857 
35 : 36 37 
36 : 35 37 639 931 431 
37 : 36 35 582 527 396 
38 : 532 103 595 
39 : 171 254 598 727 730 
40 : 826 146 282 926 72 725 
41 : 355 668 442 
42 : 88 181 53 575 
43 : 28 731 538 747 966 120 
44 : 49 800 
45 : 913 527 
46 : 425 380 771 910 
47 : 48 96 168 951 784 
48 : 47 612 231 770 165 
49 : 51 44 717 283 
50 : 250 925 606 793 
51 : 49 99 397 985 233 160 
52 : 80 674 377 698 
53 : 838 42 777 
54 : 55 349 93 492 
55 : 54 56 970 93 772 
56 : 55 72 173 718 450 723 
57 : 537 131 
58 : 535 691 
59 : 60 217 620 140 
60 : 59 581 501 
61 : 62 958 361 
62 : 61 68 855 850 488 
63 : 127 423 998 
64 : 532 443 
65 : 68 540 286 763 
66 : 267 261 871 160 
67 : 786 554 883 
68 : 62 65 755 6 
69 : 455 288 
70 : 573 133 
71 : 729 393 159 
72 : 56 557 40 314 
73 : 74 75 307 706 
74 : 73 780 854 489 875 
75 : 73 612 428 529 748 33 292 
76 : 917 734 
77 : 369 307 326 
78 : 916 299 267 757 
79 : 505 509 19 867 
80 : 52 909 580 850 
81 : 341 314 447 558 433 634 957 
82 : 922 646 284 
83 : 84 467 920 544 841 
84 : 83 764 895 123 
85 : 20 866 129 782 539 449 770 837 
86 : 88 396 650 509 960 
87 : 396 256 174 
88 : 89 86 42 890 12 
89 : 88 519 27 821 
90 : 154 898 379 
91 : 516 205 
92 : 934 960 797 
93 : 302 54 55 224 933 
94 : 95 166 213 536 
95 : 94 96 97 953 591 
96 : 95 47 29 
97 : 95 616 315 
98 : 99 480 617 
99 : 98 100 101 51 313 316 487 
100 : 99 448 361 
101 : 99 847 660 993 
102 : 104 556 
103 : 104 105 496 38 
104 : 103 105 102 106 
105 : 104 103 515 486 908 695 
106 : 104 6 680 388 
107 : 508 772 601 183 988 
108 : 109 892 776 
109 : 108 494 123 552 710 
110 : 34 410 546 
111 : 112 820 433 303 
112 : 111 447 140 
113 : 497 619 935 
114 : 236 16 897 132 
115 : 22 507 216 698 
116 : 303 627 848 
117 : 119 763 190 325 732 
118 : 700 11 878 197 209 932 
119 : 117 376 177 
120 : 980 759 43 334 
121 : 122 325 622 399 920 
122 : 121 435 454 596 9 
123 : 109 444 583 794 84 475 565 
124 : 580 812 
125 : 334 196 416 
126 : 684 669 152 312 
127 : 128 63 153 249 870 617 423 608 789 908 
128 : 127 783 169 19 203 
129 : 85 207 187 765 
130 : 132 902 610 
131 : 819 799 57 881 
132 : 133 130 340 114 
133 : 132 135 874 70 288 849 
134 : 135 411 
135 : 134 136 133 584 
136 : 135 289 898 992 878 
137 : 138 806 
138 : 137 311 539 467 
139 : 693 923 
140 : 142 710 59 112 
141 : 606 285 543 333 
142 : 140 144 384 
143 : 238 704 992 
144 : 142 500 32 
145 : 146 147 329 715 
146 : 145 40 912 
147 : 145 866 852 877 815 529 
148 : 809 740 908 4 
149 : 289 221 
150 : 931 437 942 
151 : 442 374 
152 : 284 157 126 838 415 871 
153 : 127 413 
154 : 155 90 174 476 202 896 
155 : 154 602 389 565 246 
156 : 157 317 345 
157 : 156 159 152 
158 : 968 252 835 
159 : 157 310 560 15 71 
160 : 161 701 907 66 51 
161 : 160 514 228 
162 : 402 341 843 261 
163 : 22 605 
164 : 165 528 214 
165 : 164 424 48 
166 : 94 581 558 
167 : 338 291 352 2 
168 : 47 276 202 530 
169 : 171 128 
170 : 691 224 493 
171 : 169 16 39 610 236 323 248 
172 : 932 495 354 
173 : 56 564 588 
174 : 154 659 87 965 
175 : 968 224 
176 : 178 744 
177 : 178 579 758 962 119 24 
178 : 177 176 180 777 844 
179 : 181 267 355 358 461 575 
180 : 178 516 581 214 809 
181 : 179 183 562 723 42 602 
182 : 183 846 433 
183 : 182 184 181 107 
184 : 183 210 601 987 511 
185 : 339 616 190 
186 : 758 307 
187 : 380 129 
188 : 803 387 725 261 293 923 
189 : 616 322 603 491 937 
190 : 117 185 962 224 659 
191 : 490 865 405 
192 : 194 943 707 923 819 
193 : 856 559 693 977 
194 : 192 608 549 849 904 909 
195 : 197 525 489 
196 : 125 522 
197 : 195 967 633 118 864 
198 : 200 555 
199 : 200 231 
200 : 199 198 202 292 
201 : 295 430 223 
202 : 200 276 154 168 
203 : 316 371 670 128 277 
204 : 368 481 453 
205 : 206 91 707 
206 : 205 645 583 711 
207 : 209 675 129 813 
208 : 324 469 
209 : 207 994 424 779 118 285 368 637 638 690 
210 : 184 255 786 946 
211 : 213 586 287 642 
212 : 272 308 538 557 
213 : 211 94 850 
214 : 485 164 180 688 
215 : 216 217 919 
216 : 215 115 358 625 
217 : 215 59 967 556 
218 : 220 360 225 658 603 654 898 
219 : 220 12 899 374 599 621 
220 : 219 218 6 337 496 
221 : 223 985 149 
222 : 651 790 
223 : 221 805 201 
224 : 964 93 170 175 190 
225 : 218 568 
226 : 275 479 614 453 507 
227 : 836 550 722 600 
228 : 552 939 161 547 251 
229 : 230 542 
230 : 229 617 359 758 877 
231 : 48 885 199 854 
232 : 520 770 415 254 
233 : 690 240 51 821 
234 : 236 847 938 955 
235 : 919 419 525 549 
236 : 234 238 114 171 951 
237 : 238 711 
238 : 237 239 236 143 733 
239 : 238 243 637 923 949 
240 : 242 233 786 
241 : 242 744 784 538 
242 : 241 243 240 450 620 
243 : 242 26 29 239 811 513 909 
244 : 311 346 
245 : 788 721 862 973 
246 : 816 778 155 350 
247 : 908 588 946 606 743 790 
248 : 250 713 171 
249 : 127 369 307 410 
250 : 248 50 632 362 
251 : 8 569 228 
252 : 254 158 505 465 
253 : 254 847 564 
254 : 253 252 39 232 365 484 911 
255 : 210 393 515 476 540 
256 : 828 87 930 
257 : 388 597 
258 : 259 724 
259 : 258 261 14 500 
260 : 25 922 
261 : 259 66 997 162 188 739 818 
262 : 263 264 27 753 
263 : 262 585 790 799 
264 : 262 605 278 723 632 
265 : 267 845 469 615 31 
266 : 900 435 565 
267 : 265 66 179 315 78 
268 : 560 388 
269 : 969 546 284 317 
270 : 271 272 353 654 
271 : 270 794 28 
272 : 273 270 212 412 594 
273 : 272 748 746 
274 : 275 455 372 
275 : 274 226 775 354 428 
276 : 202 29 906 168 646 385 
277 : 795 203 391 824 
278 : 280 264 547 977 716 
279 : 566 608 814 
280 : 278 282 969 408 
281 : 663 892 314 682 
282 : 280 40 541 342 
283 : 49 536 905 
284 : 152 503 743 82 269 521 
285 : 141 370 394 630 981 209 
286 : 287 288 393 65 
287 : 286 289 211 682 707 
288 : 286 828 774 915 69 133 778 
289 : 287 136 149 862 693 813 942 402 
290 : 291 769 811 
291 : 290 167 375 547 432 
292 : 293 200 636 75 349 494 
293 : 292 294 188 
294 : 293 502 474 882 492 
295 : 201 659 930 933 553 
296 : 402 808 300 
297 : 538 636 511 
298 : 860 510 482 
299 : 15 558 78 682 817 
300 : 301 719 296 429 980 
301 : 300 302 303 738 460 
302 : 301 304 93 966 4 
303 : 304 301 116 111 333 547 
304 : 303 302 571 530 612 609 584 
305 : 349 971 
306 : 856 417 462 736 703 450 
307 : 77 473 186 249 73 687 
308 : 7 212 483 888 583 417 
309 : 575 373 572 943 954 
310 : 159 649 820 386 
311 : 138 244 669 455 
312 : 551 535 886 126 414 734 
313 : 99 330 797 
314 : 81 72 281 918 
315 : 316 317 267 97 
316 : 315 203 99 848 889 
317 : 315 156 269 
318 : 506 731 729 573 
319 : 976 674 661 979 
320 : 386 4 861 
321 : 322 323 629 369 951 
322 : 321 324 189 
323 : 321 171 589 
324 : 322 326 208 709 
325 : 121 117 340 409 
326 : 324 764 77 649 541 
327 : 835 488 610 
328 : 330 900 360 473 601 
329 : 145 825 
330 : 328 600 381 385 457 313 788 929 
331 : 553 754 5 544 480 
332 : 396 432 980 527 556 
333 : 760 141 303 812 
334 : 125 544 120 806 
335 : 745 679 517 471 
336 : 337 712 
337 : 336 220 661 2 759 
338 : 340 167 431 891 533 
339 : 340 185 622 
340 : 339 338 132 325 
341 : 81 162 958 651 
342 : 703 282 796 
343 : 486 627 
344 : 345 721 580 699 
345 : 344 931 156 664 
346 : 682 9 244 570 
347 : 601 370 
348 : 350 30 652 
349 : 305 54 292 824 472 
350 : 351 348 246 424 
351 : 350 416 938 20 828 
352 : 167 524 29 388 
353 : 270 847 371 578 
354 : 618 172 275 964 
355 : 41 179 642 660 
356 : 902 750 986 
357 : 749 564 641 
358 : 179 216 8 
359 : 361 230 
360 : 218 812 811 328 
361 : 359 802 100 61 764 
362 : 363 449 692 874 20 250 945 
363 : 362 364 29 
364 : 363 754 731 
365 : 668 732 254 401 646 
366 : 772 871 
367 : 369 510 456 
368 : 13 204 893 378 209 
369 : 367 77 249 321 
370 : 372 285 522 675 708 771 347 
371 : 203 353 837 834 926 
372 : 370 374 551 274 704 
373 : 31 309 836 950 516 893 
374 : 372 10 948 151 219 775 445 
375 : 291 936 824 
376 : 378 119 836 714 
377 : 421 514 52 703 
378 : 376 368 656 
379 : 764 90 
380 : 187 46 645 423 505 
381 : 330 390 
382 : 384 708 525 
383 : 385 634 738 950 
384 : 382 386 142 968 647 
385 : 383 330 404 276 
386 : 387 384 320 3 310 
387 : 386 188 569 592 
388 : 257 609 106 268 352 848 
389 : 155 783 4 835 
390 : 391 392 914 381 
391 : 390 392 393 571 277 
392 : 391 393 390 855 395 
393 : 392 391 255 286 71 858 
394 : 285 943 
395 : 576 392 831 963 
396 : 86 87 332 640 437 37 
397 : 51 438 760 
398 : 1 603 
399 : 926 121 937 
400 : 988 981 969 
401 : 749 365 
402 : 162 296 926 289 
403 : 404 656 
404 : 403 385 822 579 
405 : 494 191 709 
406 : 408 788 605 814 
407 : 490 759 681 
408 : 406 741 280 946 
409 : 410 325 
410 : 409 110 249 429 559 626 
411 : 413 855 859 134 
412 : 272 681 
413 : 411 958 153 809 
414 : 767 986 312 700 774 
415 : 836 763 817 232 152 
416 : 417 351 125 684 
417 : 416 306 308 
418 : 419 420 
419 : 418 235 764 593 
420 : 418 641 504 
421 : 377 954 559 962 
422 : 423 424 665 
423 : 422 63 380 127 
424 : 422 165 209 625 883 350 769 
425 : 46 900 448 591 
426 : 433 30 986 560 643 
427 : 781 549 
428 : 75 10 275 
429 : 430 300 410 515 
430 : 429 851 201 646 
431 : 432 338 36 561 
432 : 431 332 291 
433 : 426 802 111 182 81 897 
434 : 435 485 
435 : 434 437 122 266 676 
436 : 507 515 
437 : 435 396 150 999 
438 : 439 397 565 
439 : 438 441 969 576 
440 : 441 834 575 
441 : 440 442 439 867 691 
442 : 441 151 585 765 41 824 
443 : 445 595 999 64 
444 : 446 123 830 999 
445 : 443 506 374 
446 : 447 444 756 
447 : 446 112 81 775 921 918 
448 : 100 425 737 513 967 
449 : 362 18 85 820 
450 : 242 828 56 306 
451 : 452 653 549 
452 : 451 453 454 928 
453 : 452 758 204 226 
454 : 452 456 122 596 
455 : 69 274 840 311 905 
456 : 454 367 995 
457 : 330 772 
458 : 459 543 
459 : 458 461 731 548 783 842 
460 : 613 301 
461 : 459 179 891 974 
462 : 464 306 699 
463 : 464 800 1 651 
464 : 463 462 790 883 
465 : 26 252 
466 : 558 930 
467 : 83 138 
468 : 612 817 
469 : 265 838 208 915 
470 : 471 885 
471 : 470 681 856 335 636 
472 : 721 349 550 562 
473 : 307 328 
474 : 294 745 
475 : 14 123 562 548 
476 : 154 255 
477 : 479 640 500 
478 : 480 763 
479 : 477 226 633 
480 : 478 98 331 903 
481 : 204 889 993 760 
482 : 483 298 854 
483 : 482 485 308 806 
484 : 761 254 
485 : 483 214 886 434 922 983 
486 : 488 343 105 
487 : 488 99 
488 : 487 486 7 327 62 
489 : 845 74 195 
490 : 191 407 971 554 
491 : 492 189 976 
492 : 491 602 294 54 
493 : 533 170 644 
494 : 495 109 405 292 
495 : 494 21 172 969 818 
496 : 103 220 726 535 692 
497 : 113 524 947 773 
498 : 500 554 954 859 
499 : 911 756 883 
500 : 498 144 477 259 744 
501 : 583 60 536 683 696 
502 : 503 504 294 
503 : 502 284 918 795 840 
504 : 505 502 420 689 656 752 
505 : 504 79 252 552 380 617 
506 : 508 318 445 888 609 
507 : 115 436 718 787 226 899 
508 : 506 107 590 945 
509 : 79 86 
510 : 367 553 298 703 
511 : 540 184 297 
512 : 771 619 
513 : 725 526 564 243 448 
514 : 516 161 377 
515 : 516 105 255 436 429 
516 : 515 514 91 180 529 373 962 
517 : 816 928 335 851 719 
518 : 519 520 728 803 
519 : 518 89 901 906 
520 : 518 232 773 750 
521 : 522 863 284 
522 : 521 370 196 622 
523 : 525 834 
524 : 497 352 1000 754 
525 : 523 527 195 382 235 
526 : 513 672 644 753 
527 : 525 678 544 37 45 332 600 694 
528 : 164 805 865 
529 : 516 75 147 
530 : 304 168 553 612 
531 : 532 533 679 
532 : 531 533 534 38 64 562 
533 : 532 531 493 933 338 
534 : 535 532 543 
535 : 534 58 312 742 496 
536 : 283 94 501 870 771 
537 : 539 57 710 816 
538 : 297 43 212 241 
539 : 537 621 85 138 650 
540 : 511 65 255 
541 : 799 282 326 571 
542 : 22 229 813 
543 : 545 141 458 534 
544 : 334 527 83 331 835 
545 : 543 760 842 728 800 
546 : 904 110 269 671 
547 : 278 228 291 303 
548 : 459 475 673 
549 : 194 427 451 235 
550 : 227 472 717 768 823 
551 : 312 372 637 988 895 
552 : 228 505 109 561 
553 : 554 331 510 655 805 295 530 
554 : 553 498 595 715 67 490 705 
555 : 556 198 856 713 
556 : 555 102 652 217 332 577 
557 : 72 709 212 
558 : 466 299 81 166 756 
559 : 421 193 410 566 953 990 
560 : 268 159 426 
561 : 562 3 902 552 431 959 
562 : 561 181 532 475 472 671 
563 : 710 835 
564 : 513 173 357 253 
565 : 155 266 438 123 667 
566 : 279 579 559 
567 : 568 662 
568 : 567 570 617 225 787 878 
569 : 570 251 387 662 
570 : 569 568 630 346 764 
571 : 304 391 541 
572 : 574 309 
573 : 70 870 318 
574 : 575 572 576 
575 : 574 309 179 440 42 
576 : 574 395 439 795 802 
577 : 902 690 556 
578 : 579 353 
579 : 578 566 177 404 680 
580 : 124 792 80 344 
581 : 60 166 180 737 
582 : 37 593 27 
583 : 501 123 206 308 822 
584 : 837 135 304 648 
585 : 586 587 263 442 729 
586 : 585 211 689 709 939 
587 : 588 585 589 873 779 
588 : 587 247 173 
589 : 590 587 591 323 
590 : 589 508 866 735 912 
591 : 592 589 425 95 
592 : 591 643 387 594 
593 : 594 582 419 625 
594 : 593 928 848 272 592 
595 : 443 554 784 38 
596 : 122 602 454 905 
597 : 598 257 650 888 
598 : 597 39 761 
599 : 649 219 
600 : 601 330 227 527 
601 : 600 347 184 809 107 328 
602 : 155 492 596 950 181 
603 : 189 398 218 
604 : 606 828 624 
605 : 264 406 163 890 
606 : 604 608 141 792 50 247 701 
607 : 843 865 
608 : 606 194 707 279 127 
609 : 611 388 506 304 
610 : 171 130 965 327 
611 : 609 613 793 
612 : 48 75 468 304 689 922 530 
613 : 611 615 460 13 1000 
614 : 615 616 905 226 922 
615 : 614 613 265 980 803 658 
616 : 614 97 189 185 777 
617 : 230 568 923 98 127 505 
618 : 620 354 771 876 633 
619 : 659 113 512 660 
620 : 618 59 242 704 931 
621 : 539 867 219 806 
622 : 624 121 745 339 522 
623 : 624 625 19 
624 : 623 622 604 634 17 
625 : 623 424 945 593 216 
626 : 704 901 410 
627 : 628 629 116 343 
628 : 627 7 717 
629 : 627 321 837 950 
630 : 632 570 285 
631 : 633 760 
632 : 633 630 250 264 
633 : 632 631 197 911 479 618 
634 : 383 624 648 81 
635 : 636 729 
636 : 635 292 860 297 471 
637 : 551 239 209 
638 : 26 209 
639 : 641 36 
640 : 641 642 396 477 653 
641 : 640 639 420 988 357 748 
642 : 640 355 211 
643 : 2 592 931 426 686 994 
644 : 872 829 526 493 
645 : 206 380 890 829 
646 : 82 276 430 365 
647 : 648 664 384 996 
648 : 647 634 584 866 
649 : 5 310 599 826 683 326 887 
650 : 86 539 597 938 657 
651 : 222 851 700 341 463 
652 : 556 754 348 862 
653 : 451 789 793 640 
654 : 270 819 218 
655 : 553 812 833 
656 : 657 927 378 403 504 987 
657 : 656 882 934 650 663 805 857 
658 : 218 749 615 998 
659 : 295 619 174 190 
660 : 661 14 101 355 619 863 936 
661 : 660 337 904 319 804 
662 : 663 567 569 778 
663 : 662 664 281 657 
664 : 663 666 647 17 345 
665 : 422 971 750 
666 : 664 668 864 
667 : 1000 918 973 565 940 
668 : 666 365 41 752 16 887 952 
669 : 671 311 126 28 
670 : 672 203 
671 : 672 669 546 562 917 
672 : 671 670 526 688 697 
673 : 954 548 
674 : 676 742 52 319 
675 : 207 370 725 745 
676 : 677 674 435 
677 : 676 679 713 
678 : 679 680 527 
679 : 678 677 335 531 901 
680 : 678 106 579 935 
681 : 471 769 868 412 407 746 
682 : 346 287 299 281 
683 : 649 832 880 501 
684 : 126 841 932 416 801 
685 : 801 865 
686 : 687 643 
687 : 686 688 307 
688 : 687 22 672 214 
689 : 586 612 504 2 830 
690 : 1 233 577 209 
691 : 170 759 58 441 755 781 
692 : 362 496 846 
693 : 139 289 193 
694 : 977 12 527 
695 : 696 105 
696 : 695 697 501 
697 : 696 698 672 
698 : 697 768 115 52 
699 : 462 344 
700 : 118 651 913 414 843 
701 : 160 606 
702 : 703 892 884 891 
703 : 702 704 342 816 306 510 377 
704 : 703 626 143 712 620 372 
705 : 895 554 23 
706 : 707 73 
707 : 706 608 192 931 205 287 927 
708 : 382 370 788 854 
709 : 324 557 793 586 405 794 
710 : 711 140 537 563 109 
711 : 710 26 237 206 
712 : 704 336 887 
713 : 714 248 677 555 
714 : 713 833 376 945 
715 : 554 145 
716 : 738 13 278 
717 : 718 49 628 550 749 807 
718 : 717 507 56 912 
719 : 300 988 517 
720 : 923 24 734 
721 : 472 245 344 850 
722 : 227 6 980 
723 : 181 264 56 
724 : 725 258 848 
725 : 724 34 513 878 188 675 40 788 
726 : 727 728 496 
727 : 726 871 994 39 839 756 
728 : 726 518 545 
729 : 731 71 585 942 318 635 880 
730 : 942 827 39 
731 : 729 733 43 459 318 978 364 
732 : 365 117 
733 : 731 735 979 238 
734 : 926 76 720 312 
735 : 736 733 590 925 992 
736 : 735 306 882 
737 : 738 448 581 896 
738 : 737 716 301 757 383 
739 : 740 261 826 
740 : 739 742 148 824 
741 : 742 408 899 
742 : 741 740 674 535 912 
743 : 284 247 
744 : 176 241 500 
745 : 335 622 773 474 675 
746 : 747 273 681 
747 : 746 43 763 
748 : 273 75 641 762 836 
749 : 357 401 658 717 
750 : 356 520 665 
751 : 753 15 
752 : 668 504 
753 : 751 262 526 
754 : 364 652 331 974 524 
755 : 68 807 691 
756 : 499 446 558 727 
757 : 738 833 78 
758 : 186 453 177 230 985 913 934 
759 : 761 691 120 337 407 986 
760 : 333 545 631 907 481 397 847 
761 : 759 484 851 598 859 
762 : 993 748 
763 : 117 478 415 747 65 
764 : 84 326 379 419 570 361 
765 : 442 129 
766 : 779 954 
767 : 768 769 414 
768 : 767 769 698 550 
769 : 768 767 681 996 872 290 424 15 860 
770 : 232 48 85 
771 : 512 618 370 916 46 536 
772 : 366 107 457 55 858 
773 : 520 745 497 855 
774 : 288 414 
775 : 777 275 447 374 
776 : 980 108 785 958 
777 : 775 178 914 957 616 53 
778 : 246 894 662 288 
779 : 766 209 587 
780 : 782 74 1 
781 : 427 930 691 
782 : 780 85 875 924 991 
783 : 128 389 459 
784 : 785 595 241 47 
785 : 784 786 776 
786 : 785 67 210 240 
787 : 507 568 
788 : 245 406 708 330 725 
789 : 653 127 
790 : 464 263 222 247 
791 : 792 6 
792 : 791 794 580 606 992 968 
793 : 611 709 653 50 
794 : 792 271 123 709 925 
795 : 277 949 503 576 990 
796 : 797 342 
797 : 796 798 92 313 
798 : 797 799 872 
799 : 798 541 131 263 19 
800 : 463 44 545 970 
801 : 802 685 684 943 
802 : 801 361 433 32 576 
803 : 804 188 615 518 
804 : 803 15 661 
805 : 223 553 528 657 874 
806 : 18 483 909 137 334 621 
807 : 808 755 826 717 
808 : 807 296 919 12 
809 : 148 601 413 180 
810 : 811 913 
811 : 810 243 360 290 827 
812 : 360 932 124 655 333 
813 : 289 1000 542 207 
814 : 406 279 
815 : 817 895 147 
816 : 246 517 703 537 
817 : 815 415 468 299 
818 : 849 495 261 
819 : 131 654 192 
820 : 111 310 449 
821 : 822 823 89 233 
822 : 821 824 33 404 583 
823 : 824 821 550 918 
824 : 823 822 740 349 375 442 277 
825 : 826 827 329 
826 : 825 40 649 807 739 966 
827 : 825 730 811 
828 : 256 288 604 450 351 
829 : 644 645 
830 : 444 689 
831 : 832 395 
832 : 831 683 896 1 
833 : 714 757 976 655 
834 : 523 440 371 845 
835 : 836 327 158 544 563 389 
836 : 835 227 376 415 373 748 
837 : 584 629 371 85 
838 : 53 469 152 999 
839 : 840 841 727 
840 : 839 455 503 890 906 
841 : 842 839 11 684 83 
842 : 841 996 851 545 459 
843 : 607 162 700 
844 : 846 178 
845 : 846 265 489 834 
846 : 845 844 182 692 
847 : 101 234 353 253 760 
848 : 594 8 316 388 724 116 
849 : 818 194 133 
850 : 891 62 213 721 80 
851 : 853 430 651 761 842 517 
852 : 854 147 
853 : 851 983 959 27 
854 : 852 74 231 708 482 
855 : 411 62 392 773 900 954 
856 : 858 193 306 471 555 
857 : 858 935 21 34 657 
858 : 857 859 856 393 772 
859 : 858 411 761 498 
860 : 298 636 769 
861 : 862 320 
862 : 861 863 289 245 652 
863 : 862 521 660 992 
864 : 865 666 23 197 
865 : 864 866 191 607 685 528 
866 : 865 867 85 147 590 22 648 
867 : 866 621 959 441 79 
868 : 681 967 
869 : 935 927 
870 : 872 573 127 536 
871 : 727 66 366 152 
872 : 870 644 769 798 925 
873 : 875 587 
874 : 133 362 805 
875 : 873 975 782 74 
876 : 878 618 
877 : 147 230 
878 : 876 725 970 118 136 568 
879 : 880 881 
880 : 879 683 729 
881 : 882 879 131 904 
882 : 881 884 657 294 736 
883 : 424 464 499 67 
884 : 885 882 937 702 
885 : 884 231 470 17 
886 : 485 312 965 
887 : 888 649 712 668 
888 : 887 506 308 32 597 
889 : 481 929 984 316 
890 : 88 605 645 840 915 
891 : 850 338 461 702 
892 : 894 281 108 702 
893 : 894 368 373 
894 : 893 892 778 928 
895 : 705 815 84 551 
896 : 832 737 154 
897 : 898 114 433 
898 : 897 136 90 218 
899 : 219 956 741 507 
900 : 266 328 425 956 855 
901 : 519 626 679 
902 : 904 32 130 356 577 561 
903 : 904 480 
904 : 903 902 546 661 194 881 16 961 
905 : 614 940 283 455 596 
906 : 276 519 840 
907 : 909 760 160 972 
908 : 247 148 105 127 
909 : 907 80 806 194 243 
910 : 911 46 
911 : 910 499 633 254 
912 : 913 146 718 742 590 
913 : 912 45 700 810 758 
914 : 916 777 390 
915 : 288 469 890 
916 : 914 78 771 982 
917 : 76 947 972 671 
918 : 503 667 314 447 823 
919 : 235 808 215 
920 : 83 121 
921 : 923 447 
922 : 82 612 260 485 614 
923 : 921 617 720 192 139 239 188 
924 : 925 782 
925 : 924 50 982 735 872 794 
926 : 399 402 734 40 371 
927 : 656 869 707 
928 : 594 517 894 452 
929 : 889 1 330 
930 : 932 781 295 256 466 
931 : 150 345 643 707 36 620 
932 : 930 172 812 684 118 
933 : 533 295 93 
934 : 92 657 758 
935 : 869 857 680 113 
936 : 375 660 
937 : 884 399 189 
938 : 351 650 234 
939 : 228 586 
940 : 905 667 
941 : 942 943 
942 : 941 730 729 289 150 
943 : 941 945 192 309 394 801 
944 : 945 983 
945 : 944 943 625 362 508 714 
946 : 247 210 408 
947 : 948 949 917 497 
948 : 947 374 969 
949 : 950 947 795 239 
950 : 949 602 373 629 383 
951 : 236 47 321 
952 : 14 668 
953 : 95 559 
954 : 421 673 498 309 766 855 
955 : 956 234 
956 : 955 900 899 983 
957 : 777 81 
958 : 413 341 61 776 
959 : 867 853 561 
960 : 92 86 
961 : 962 904 
962 : 961 177 190 421 516 
963 : 964 395 
964 : 963 965 224 354 994 
965 : 964 610 886 174 
966 : 302 43 826 
967 : 197 217 996 868 448 
968 : 158 175 384 792 971 992 
969 : 269 280 439 495 948 400 
970 : 878 55 800 
971 : 490 968 305 665 972 
972 : 917 971 907 
973 : 667 245 
974 : 754 461 
975 : 976 977 875 
976 : 975 978 319 833 491 
977 : 975 694 278 193 
978 : 976 980 731 
979 : 980 733 319 
980 : 979 978 120 776 615 332 722 300 
981 : 983 285 400 
982 : 925 916 24 
983 : 984 981 853 944 956 485 
984 : 983 986 889 
985 : 221 51 758 989 
986 : 984 414 356 426 759 
987 : 184 656 
988 : 400 641 719 551 107 
989 : 990 991 985 
990 : 989 991 795 559 
991 : 990 992 989 782 
992 : 991 792 136 143 863 968 735 
993 : 762 481 101 
994 : 209 727 964 643 
995 : 996 997 456 
996 : 995 769 842 967 647 
997 : 995 261 13 
998 : 999 63 658 
999 : 998 443 437 838 444 
1000 : 667 813 524 613 
