1 : 1000 3 205 133 
2 : 3 1000 69 383 
3 : 2 4 1 5 
4 : 3 982 28 689 840 
5 : 3 409 324 17 
6 : 831 197 
7 : 540 688 711 819 
8 : 9 204 61 
9 : 8 937 578 786 30 
10 : 870 362 55 
11 : 376 490 485 
12 : 910 757 873 640 613 995 
13 : 544 139 988 120 
14 : 16 842 
15 : 357 238 73 183 279 
16 : 17 14 38 543 594 115 125 797 
17 : 16 121 867 5 941 
18 : 19 20 782 
19 : 18 856 47 305 692 91 
20 : 21 18 71 280 722 
21 : 20 23 855 414 951 
22 : 24 584 
23 : 21 834 495 
24 : 22 682 135 28 571 
25 : 947 848 
26 : 985 563 883 
27 : 28 90 420 611 872 624 
28 : 27 4 373 24 765 
29 : 89 299 976 398 597 863 
30 : 657 9 926 405 
31 : 39 821 401 897 
32 : 654 431 209 
33 : 35 261 417 591 748 
34 : 36 665 181 226 
35 : 33 886 953 631 
36 : 34 908 348 847 135 554 
37 : 160 339 517 999 
38 : 16 678 535 
39 : 31 82 399 531 369 
40 : 42 571 390 471 
41 : 43 238 815 
42 : 40 783 968 472 
43 : 41 97 138 567 638 271 143 
44 : 827 529 434 
45 : 552 293 548 679 300 
46 : 48 394 575 584 744 890 
47 : 19 403 186 
48 : 46 50 833 112 
49 : 634 316 189 936 986 
50 : 48 52 915 82 162 651 
51 : 52 53 616 
52 : 51 50 194 246 730 
53 : 51 55 285 
54 : 396 401 
55 : 53 717 10 392 
56 : 87 129 
57 : 746 362 794 728 316 
58 : 900 996 78 883 
59 : 61 556 
60 : 61 335 887 79 334 
61 : 60 59 433 8 234 
62 : 365 114 648 
63 : 882 95 319 
64 : 245 158 209 374 507 
65 : 76 812 468 
66 : 68 574 
67 : 69 350 83 607 943 
68 : 66 957 648 889 745 147 
69 : 67 538 2 825 
70 : 513 811 332 
71 : 73 856 668 20 116 
72 : 849 214 97 
73 : 71 266 174 907 15 897 
74 : 712 77 763 693 491 623 826 
75 : 76 468 120 214 
76 : 75 78 65 582 835 
77 : 74 567 848 
78 : 76 359 541 917 961 58 423 
79 : 80 60 816 
80 : 79 671 860 353 544 
81 : 327 385 
82 : 39 50 648 
83 : 67 708 956 194 576 
84 : 328 222 689 238 
85 : 891 361 714 
86 : 663 828 833 
87 : 88 56 564 464 
88 : 87 313 809 920 956 
89 : 29 692 716 319 237 
90 : 27 579 232 
91 : 639 157 673 697 19 
92 : 94 734 547 
93 : 94 911 
94 : 93 92 96 179 785 472 
95 : 496 381 435 63 356 
96 : 97 94 281 389 499 
97 : 96 98 43 72 
98 : 97 816 996 852 
99 : 100 263 872 
100 : 99 319 275 357 
101 : 931 868 399 699 
102 : 103 104 728 402 693 
103 : 102 105 741 113 
104 : 102 595 190 997 664 980 
105 : 103 909 722 201 
106 : 353 222 
107 : 544 662 626 325 923 
108 : 640 127 703 228 304 
109 : 521 851 711 
110 : 304 256 
111 : 452 151 608 578 
112 : 402 556 597 48 137 
113 : 103 815 
114 : 62 700 673 715 
115 : 381 476 16 
116 : 588 573 71 873 
117 : 119 807 456 
118 : 119 120 750 
119 : 118 117 824 555 218 
120 : 121 118 916 13 75 
121 : 120 122 17 369 355 749 
122 : 121 162 470 484 
123 : 124 224 344 869 951 511 
124 : 123 126 654 730 
125 : 975 16 
126 : 124 986 739 157 
127 : 108 308 
128 : 711 851 780 245 943 
129 : 403 952 56 598 
130 : 131 132 706 
131 : 130 380 769 387 
132 : 130 304 919 133 829 
133 : 295 132 1 435 
134 : 711 938 256 453 
135 : 137 849 24 36 
136 : 137 420 523 535 539 
137 : 136 135 716 925 112 
138 : 140 43 224 947 
139 : 141 13 898 514 
140 : 138 685 974 
141 : 139 307 912 
142 : 143 227 
143 : 142 891 43 
144 : 346 941 375 
145 : 146 737 
146 : 145 251 410 
147 : 608 68 
148 : 149 150 
149 : 148 349 184 985 
150 : 151 148 618 435 
151 : 150 111 309 301 
152 : 153 154 
153 : 152 239 985 255 
154 : 152 156 312 672 
155 : 473 895 585 
156 : 154 730 428 971 
157 : 159 91 126 321 
158 : 64 208 909 857 702 
159 : 157 479 474 779 201 
160 : 37 470 291 720 
161 : 861 920 978 
162 : 122 50 448 313 
163 : 164 874 750 216 378 
164 : 163 166 974 
165 : 199 260 811 
166 : 164 804 981 172 
167 : 169 578 776 
168 : 169 970 583 217 836 
169 : 168 167 843 419 800 250 
170 : 554 852 
171 : 172 501 604 780 851 
172 : 171 376 166 568 716 907 
173 : 391 888 548 601 
174 : 73 841 371 968 
175 : 499 642 375 474 
176 : 500 427 
177 : 178 725 
178 : 177 471 751 740 
179 : 94 907 211 387 
180 : 868 954 
181 : 604 34 
182 : 183 184 483 
183 : 182 331 15 
184 : 182 149 569 655 483 658 
185 : 751 996 690 569 961 
186 : 187 47 
187 : 186 188 277 904 
188 : 187 189 677 814 581 
189 : 188 384 49 832 223 227 
190 : 104 776 
191 : 811 392 
192 : 194 252 285 304 380 
193 : 317 721 796 221 900 
194 : 192 52 200 747 906 83 784 
195 : 808 721 
196 : 197 411 502 
197 : 196 198 312 6 959 
198 : 197 503 962 627 
199 : 165 425 667 881 
200 : 202 194 746 
201 : 202 924 105 159 460 
202 : 201 200 902 518 793 468 
203 : 816 374 886 
204 : 587 8 600 282 481 
205 : 1 339 280 500 263 795 901 
206 : 207 208 595 735 792 993 
207 : 206 208 209 516 
208 : 207 206 158 262 367 788 
209 : 207 787 871 32 64 772 634 962 
210 : 426 274 480 
211 : 179 581 759 
212 : 261 243 444 
213 : 214 951 
214 : 213 215 72 75 575 
215 : 214 423 568 805 372 
216 : 777 598 617 758 163 
217 : 218 168 804 
218 : 217 379 219 119 945 
219 : 218 502 865 700 
220 : 758 841 
221 : 563 230 690 193 
222 : 84 106 816 585 
223 : 520 189 
224 : 123 752 138 
225 : 226 760 
226 : 225 657 34 501 752 
227 : 228 142 189 
228 : 227 229 108 355 
229 : 228 831 875 728 
230 : 221 443 
231 : 233 543 
232 : 800 90 328 351 630 
233 : 231 780 360 503 
234 : 235 61 
235 : 234 237 949 383 743 
236 : 972 791 705 
237 : 235 381 89 549 906 
238 : 240 41 15 526 84 
239 : 240 153 751 
240 : 239 238 439 561 479 532 593 
241 : 675 954 755 928 
242 : 244 727 439 732 
243 : 817 212 326 305 
244 : 242 246 385 
245 : 64 659 693 128 
246 : 244 248 353 921 52 562 
247 : 649 582 362 
248 : 249 246 664 264 
249 : 248 251 333 807 
250 : 251 451 528 169 
251 : 250 249 253 146 278 991 746 932 
252 : 253 192 514 397 880 982 998 
253 : 252 251 346 750 846 
254 : 256 320 
255 : 498 418 530 153 331 
256 : 257 254 258 110 134 268 
257 : 256 258 645 898 
258 : 257 256 510 284 
259 : 260 630 705 664 
260 : 259 262 165 681 
261 : 33 212 598 564 
262 : 260 208 727 670 
263 : 997 99 205 534 
264 : 693 248 437 
265 : 267 346 
266 : 267 73 302 
267 : 266 268 265 269 913 930 
268 : 267 668 256 620 
269 : 267 272 860 295 
270 : 271 410 819 704 
271 : 270 272 43 710 
272 : 271 269 651 646 
273 : 275 612 352 542 816 887 
274 : 644 210 755 
275 : 276 273 496 100 875 854 
276 : 275 466 660 
277 : 279 187 733 
278 : 280 251 468 
279 : 277 402 15 
280 : 278 205 20 791 
281 : 96 802 380 448 
282 : 668 680 915 204 
283 : 630 872 
284 : 285 286 258 710 
285 : 284 53 192 643 
286 : 287 284 332 
287 : 286 575 796 830 556 386 533 
288 : 290 586 
289 : 691 765 655 
290 : 288 953 577 
291 : 293 769 759 826 160 
292 : 807 321 465 
293 : 291 45 610 609 683 
294 : 672 621 299 
295 : 133 759 269 
296 : 298 346 
297 : 936 333 635 435 
298 : 299 296 385 
299 : 298 301 29 294 
300 : 538 695 45 611 410 
301 : 299 688 640 151 450 
302 : 304 452 400 864 266 
303 : 305 415 731 950 441 629 
304 : 302 110 132 192 972 108 898 
305 : 303 19 958 243 782 
306 : 784 927 
307 : 141 349 746 822 540 678 
308 : 954 655 127 651 
309 : 943 600 918 151 681 
310 : 802 368 695 
311 : 312 646 355 
312 : 311 154 197 663 494 751 
313 : 88 604 398 162 862 745 
314 : 488 566 766 
315 : 333 372 
316 : 49 57 739 
317 : 319 193 698 
318 : 320 997 
319 : 317 100 951 799 89 63 644 
320 : 321 318 322 254 442 
321 : 320 322 292 157 
322 : 321 320 874 423 494 905 638 463 
323 : 422 510 
324 : 326 728 5 869 893 
325 : 791 742 107 487 
326 : 324 328 432 692 789 243 482 778 
327 : 81 897 963 477 641 
328 : 329 326 84 356 514 232 571 
329 : 328 330 442 
330 : 329 331 729 779 
331 : 330 333 183 554 255 
332 : 443 803 70 286 849 
333 : 331 249 315 297 946 
334 : 748 361 434 537 60 
335 : 337 60 790 
336 : 737 462 
337 : 338 335 540 353 772 
338 : 337 416 855 393 
339 : 340 205 37 683 
340 : 339 342 730 
341 : 343 537 757 801 
342 : 343 340 471 475 838 
343 : 342 341 992 931 869 366 
344 : 123 869 
345 : 346 923 
346 : 345 347 144 253 265 296 911 
347 : 346 624 783 
348 : 350 36 427 
349 : 149 307 805 896 438 
350 : 348 67 735 596 636 713 
351 : 358 232 847 
352 : 354 273 
353 : 106 246 537 425 337 80 
354 : 352 356 435 860 
355 : 356 121 228 311 432 
356 : 355 354 328 95 633 
357 : 15 471 417 100 
358 : 359 360 351 
359 : 358 78 895 745 840 
360 : 361 358 881 233 496 509 
361 : 360 363 334 85 895 
362 : 57 10 247 498 
363 : 364 361 374 899 987 821 
364 : 363 365 366 639 702 
365 : 364 62 993 401 931 
366 : 364 576 415 343 540 799 959 
367 : 369 208 
368 : 310 480 
369 : 367 121 39 
370 : 372 891 
371 : 956 832 174 578 
372 : 370 994 315 215 404 
373 : 28 574 866 964 
374 : 363 203 64 
375 : 376 416 144 175 958 
376 : 375 378 11 172 628 643 428 
377 : 379 561 
378 : 376 879 163 925 942 
379 : 380 377 381 218 969 
380 : 379 131 192 999 281 526 
381 : 379 115 237 95 487 430 556 
382 : 383 804 409 
383 : 382 235 2 
384 : 189 784 713 
385 : 244 574 81 298 995 589 
386 : 948 652 287 931 
387 : 388 131 179 768 600 611 
388 : 387 390 538 661 
389 : 390 391 96 
390 : 389 388 616 517 641 40 
391 : 389 393 173 443 
392 : 595 880 191 55 
393 : 391 584 338 670 660 824 
394 : 46 729 829 922 490 
395 : 867 635 580 885 
396 : 54 845 947 
397 : 846 715 957 252 
398 : 313 29 908 666 734 871 
399 : 39 720 843 101 990 
400 : 302 487 975 544 436 
401 : 403 365 31 54 665 
402 : 112 279 691 102 
403 : 401 405 129 407 47 520 822 
404 : 585 524 657 372 
405 : 406 403 30 
406 : 405 407 408 
407 : 406 403 670 701 
408 : 406 909 479 617 717 
409 : 410 411 5 849 945 382 
410 : 409 270 146 300 
411 : 409 196 578 
412 : 413 584 
413 : 412 415 985 
414 : 493 21 
415 : 413 303 366 727 
416 : 338 375 443 522 
417 : 357 33 
418 : 420 255 
419 : 421 169 
420 : 418 27 713 136 511 
421 : 419 423 704 459 564 612 
422 : 424 323 828 772 918 
423 : 421 215 322 995 78 434 452 
424 : 425 422 426 478 
425 : 424 199 353 444 
426 : 424 428 210 804 515 783 
427 : 974 656 176 348 442 640 
428 : 429 426 481 156 376 677 
429 : 428 600 682 966 982 
430 : 795 381 
431 : 32 980 
432 : 434 326 459 355 955 
433 : 61 909 449 
434 : 432 334 896 44 423 
435 : 354 95 150 297 133 894 
436 : 968 486 400 
437 : 438 264 655 899 
438 : 437 855 349 
439 : 440 240 522 242 
440 : 439 441 719 
441 : 440 583 453 303 
442 : 320 562 718 329 427 707 761 
443 : 445 332 391 669 230 416 
444 : 575 628 425 212 
445 : 443 447 558 
446 : 447 787 942 
447 : 446 445 780 621 
448 : 162 281 
449 : 898 511 433 727 
450 : 842 764 301 781 802 
451 : 250 536 645 
452 : 111 302 993 423 
453 : 441 658 134 588 
454 : 456 547 
455 : 803 880 835 974 
456 : 454 117 540 586 
457 : 458 459 700 
458 : 457 813 694 
459 : 457 461 432 421 568 938 
460 : 980 201 889 
461 : 459 463 699 703 
462 : 678 336 577 565 
463 : 464 461 595 322 698 
464 : 463 605 87 
465 : 466 900 292 510 
466 : 465 276 829 872 
467 : 468 493 769 
468 : 467 469 278 75 202 65 631 
469 : 468 470 577 643 718 
470 : 469 160 122 962 542 
471 : 178 357 342 40 
472 : 792 901 42 94 
473 : 155 692 807 
474 : 159 175 727 
475 : 477 765 342 
476 : 115 623 
477 : 475 929 327 631 736 780 
478 : 479 699 424 
479 : 478 159 408 240 
480 : 481 368 210 
481 : 480 428 204 
482 : 612 326 
483 : 182 184 692 
484 : 485 707 122 999 
485 : 484 731 11 
486 : 436 788 
487 : 400 381 325 
488 : 314 688 877 807 
489 : 491 813 
490 : 491 11 394 
491 : 490 489 801 837 74 
492 : 493 697 833 
493 : 492 414 467 810 687 
494 : 322 571 312 545 553 
495 : 497 779 590 23 
496 : 95 275 625 360 956 
497 : 498 495 707 659 950 
498 : 497 255 516 362 611 604 
499 : 500 175 521 613 96 695 933 
500 : 499 176 205 504 649 
501 : 171 226 
502 : 219 525 196 960 602 610 
503 : 198 755 233 
504 : 506 937 500 
505 : 774 780 
506 : 504 508 807 675 
507 : 997 64 
508 : 506 809 630 812 875 
509 : 510 866 360 862 868 
510 : 509 258 661 323 465 
511 : 449 123 420 905 
512 : 514 807 
513 : 70 787 627 
514 : 512 328 252 139 
515 : 517 426 
516 : 498 924 207 656 
517 : 515 390 840 37 
518 : 202 574 828 
519 : 520 760 
520 : 519 223 746 403 
521 : 523 109 499 914 
522 : 439 416 
523 : 524 521 903 136 
524 : 523 526 404 
525 : 502 784 624 
526 : 524 528 238 380 
527 : 760 952 
528 : 526 250 546 
529 : 531 44 
530 : 255 662 
531 : 529 533 856 39 
532 : 904 240 577 648 
533 : 534 531 547 287 874 
534 : 533 774 263 909 
535 : 614 38 136 621 853 888 
536 : 538 451 
537 : 539 341 353 334 861 877 
538 : 536 69 300 388 954 559 806 
539 : 537 726 136 
540 : 7 337 307 456 366 
541 : 543 78 
542 : 273 777 470 704 
543 : 541 231 16 636 
544 : 545 13 107 704 400 80 697 
545 : 544 977 494 570 
546 : 547 528 566 
547 : 546 454 533 92 975 
548 : 45 173 705 
549 : 967 610 894 237 
550 : 825 681 
551 : 553 775 
552 : 45 555 596 
553 : 551 565 494 
554 : 170 331 859 36 
555 : 552 119 749 
556 : 59 112 852 287 381 
557 : 558 911 
558 : 557 445 864 801 
559 : 538 717 632 
560 : 562 911 712 
561 : 562 377 240 706 
562 : 561 560 442 732 246 
563 : 565 221 26 
564 : 566 421 87 261 
565 : 566 563 553 691 462 
566 : 565 567 564 850 314 546 984 
567 : 566 569 43 77 994 
568 : 215 172 459 
569 : 567 184 585 185 
570 : 571 572 592 545 
571 : 570 40 494 812 328 24 
572 : 570 574 886 624 
573 : 116 902 754 
574 : 572 576 66 385 989 373 518 
575 : 287 444 46 922 214 633 867 
576 : 574 366 972 83 615 
577 : 635 290 462 469 532 
578 : 580 167 9 111 371 411 598 723 
579 : 581 90 
580 : 578 642 395 
581 : 579 583 211 937 188 
582 : 584 76 247 
583 : 581 585 441 737 806 168 
584 : 582 586 22 393 46 870 412 
585 : 583 404 569 155 222 612 850 
586 : 587 584 288 456 
587 : 586 588 204 756 
588 : 587 116 865 453 
589 : 953 385 
590 : 495 838 625 798 834 839 
591 : 592 33 764 
592 : 591 570 935 652 
593 : 614 240 
594 : 953 16 634 
595 : 104 392 463 838 884 206 
596 : 350 552 671 
597 : 112 29 
598 : 261 216 129 578 
599 : 600 601 946 
600 : 599 429 309 204 387 
601 : 599 943 878 173 916 
602 : 905 502 
603 : 604 842 
604 : 603 181 313 171 813 498 
605 : 464 753 893 672 
606 : 607 803 
607 : 606 609 67 
608 : 610 147 111 756 813 
609 : 607 790 848 293 
610 : 608 549 753 920 293 502 681 
611 : 27 300 498 387 
612 : 273 482 421 585 
613 : 499 619 12 
614 : 615 616 535 593 
615 : 614 687 930 576 855 
616 : 614 390 51 800 762 
617 : 216 408 960 
618 : 620 150 
619 : 613 706 
620 : 621 618 876 268 
621 : 620 294 816 447 535 
622 : 624 921 
623 : 624 476 74 
624 : 623 622 347 572 27 525 
625 : 496 590 
626 : 628 713 107 
627 : 628 781 513 198 809 937 
628 : 627 626 376 444 928 784 
629 : 630 303 864 
630 : 629 283 259 508 232 
631 : 632 35 477 468 
632 : 631 954 797 559 701 
633 : 698 356 575 
634 : 49 867 767 594 209 
635 : 577 297 885 395 691 
636 : 914 350 543 700 
637 : 638 639 823 
638 : 637 43 322 729 
639 : 637 91 364 846 724 
640 : 108 301 660 12 427 786 
641 : 390 327 
642 : 644 580 175 
643 : 376 285 469 
644 : 645 642 274 319 
645 : 644 257 940 451 826 987 
646 : 311 272 860 
647 : 664 852 
648 : 68 62 82 532 
649 : 247 948 740 500 
650 : 652 683 958 
651 : 272 50 308 683 
652 : 650 654 386 592 
653 : 893 696 
654 : 652 656 32 124 824 
655 : 308 184 289 437 959 860 
656 : 654 427 516 
657 : 659 30 226 404 
658 : 453 184 
659 : 657 245 816 497 
660 : 640 276 393 
661 : 510 816 388 
662 : 107 676 696 530 735 
663 : 665 86 312 990 
664 : 666 647 248 104 259 865 
665 : 663 34 879 994 401 
666 : 667 664 398 
667 : 666 668 669 199 805 
668 : 667 268 282 71 802 
669 : 667 671 443 687 953 
670 : 407 808 393 262 
671 : 669 80 874 596 817 960 
672 : 294 154 605 923 
673 : 675 91 114 
674 : 836 876 
675 : 676 673 241 506 
676 : 675 678 662 892 
677 : 188 428 
678 : 676 462 38 783 307 
679 : 681 45 
680 : 682 282 
681 : 679 260 309 550 610 807 
682 : 680 24 429 961 
683 : 650 756 339 651 293 
684 : 685 686 976 
685 : 684 140 946 903 
686 : 684 688 915 
687 : 615 669 900 493 814 
688 : 686 301 488 7 773 875 
689 : 691 84 4 800 
690 : 221 185 862 787 
691 : 689 289 402 565 635 749 
692 : 89 473 326 19 483 
693 : 264 245 74 102 
694 : 695 696 778 939 458 806 
695 : 694 300 310 499 827 
696 : 694 662 653 809 
697 : 91 492 544 991 
698 : 699 317 633 463 
699 : 698 461 478 101 
700 : 114 933 219 636 457 949 
701 : 702 407 632 
702 : 701 364 158 
703 : 108 461 
704 : 421 544 270 542 
705 : 259 236 548 976 
706 : 708 130 561 619 
707 : 484 795 497 442 
708 : 706 83 745 
709 : 710 711 
710 : 709 711 271 284 
711 : 710 709 128 134 7 856 109 
712 : 74 786 560 
713 : 626 420 384 350 
714 : 922 85 
715 : 397 114 
716 : 137 89 172 
717 : 55 786 559 408 
718 : 442 469 
719 : 950 967 440 765 
720 : 399 160 859 
721 : 193 195 970 
722 : 105 20 
723 : 934 748 578 
724 : 725 639 948 
725 : 724 727 957 177 
726 : 539 920 820 854 
727 : 728 725 242 262 415 449 474 
728 : 727 324 102 57 229 946 
729 : 394 754 825 330 638 841 965 
730 : 156 340 124 52 
731 : 733 485 303 
732 : 562 863 242 
733 : 731 941 277 
734 : 735 92 398 
735 : 734 736 350 662 206 
736 : 735 968 477 845 
737 : 738 336 583 145 936 773 981 
738 : 737 740 916 774 
739 : 126 316 744 
740 : 738 649 178 
741 : 742 103 815 983 768 
742 : 741 744 325 
743 : 984 235 
744 : 742 46 739 
745 : 359 68 708 313 
746 : 57 200 520 307 251 762 
747 : 194 935 
748 : 334 723 33 
749 : 759 555 691 121 945 
750 : 751 163 253 118 
751 : 750 185 852 178 239 312 
752 : 224 226 996 
753 : 755 605 610 
754 : 756 729 877 854 573 
755 : 756 753 757 503 241 274 
756 : 755 757 754 683 587 608 
757 : 756 755 12 341 
758 : 760 220 216 
759 : 761 295 749 291 211 
760 : 761 758 762 527 225 519 
761 : 760 762 759 442 
762 : 761 763 760 616 746 
763 : 762 74 943 
764 : 450 591 990 
765 : 475 289 719 28 
766 : 767 314 
767 : 766 769 634 
768 : 978 387 741 919 
769 : 767 291 131 467 780 843 
770 : 950 998 945 
771 : 933 839 989 
772 : 422 209 337 879 
773 : 688 992 737 
774 : 776 505 534 738 
775 : 776 551 962 801 
776 : 775 774 778 167 190 
777 : 216 542 983 
778 : 776 694 326 
779 : 495 998 159 330 969 
780 : 781 233 447 128 171 505 769 477 913 
781 : 780 627 450 
782 : 18 305 819 
783 : 42 678 347 426 
784 : 785 306 384 194 525 628 
785 : 784 94 892 
786 : 712 717 9 640 821 830 
787 : 209 513 446 690 
788 : 789 790 208 486 
789 : 788 791 326 
790 : 791 788 609 335 
791 : 790 789 325 236 280 
792 : 472 894 206 977 
793 : 795 202 967 
794 : 796 57 831 
795 : 793 430 707 205 
796 : 794 798 287 831 193 
797 : 632 16 
798 : 799 796 590 810 
799 : 798 319 366 
800 : 232 616 169 689 
801 : 491 995 977 558 775 341 
802 : 310 281 668 450 
803 : 455 332 973 606 869 
804 : 166 426 382 217 
805 : 349 951 215 667 
806 : 583 538 694 
807 : 117 292 506 512 249 473 488 681 
808 : 195 670 883 978 904 
809 : 508 88 964 696 627 
810 : 919 493 798 
811 : 813 191 70 165 917 
812 : 571 65 508 
813 : 811 458 489 604 608 
814 : 188 687 
815 : 741 113 41 
816 : 98 203 659 661 621 79 222 273 
817 : 243 917 671 934 
818 : 819 935 
819 : 818 270 7 782 
820 : 822 726 
821 : 31 842 363 786 
822 : 820 307 403 
823 : 824 637 
824 : 823 825 119 654 393 934 
825 : 824 827 550 729 69 
826 : 291 645 74 
827 : 825 44 898 989 695 
828 : 422 86 518 
829 : 466 394 936 132 
830 : 287 786 
831 : 6 229 796 794 
832 : 834 371 189 
833 : 834 48 86 492 
834 : 833 832 23 891 590 
835 : 76 455 
836 : 837 674 168 
837 : 836 839 491 
838 : 595 590 342 954 
839 : 837 771 590 985 
840 : 517 359 4 
841 : 174 932 220 729 963 
842 : 844 14 450 821 603 
843 : 169 399 769 
844 : 845 842 846 
845 : 844 396 931 736 
846 : 844 397 862 639 253 
847 : 36 351 
848 : 609 25 77 992 
849 : 72 135 409 332 941 
850 : 566 585 
851 : 128 109 171 
852 : 751 556 170 647 98 
853 : 854 535 
854 : 853 754 726 275 
855 : 21 438 338 615 929 
856 : 19 71 531 711 974 915 
857 : 859 952 158 
858 : 860 1000 
859 : 860 857 554 720 
860 : 859 858 354 80 269 646 655 
861 : 862 161 537 
862 : 861 863 846 313 690 509 935 
863 : 862 732 29 
864 : 558 302 629 
865 : 588 219 664 
866 : 509 373 
867 : 395 634 17 575 
868 : 180 101 509 
869 : 123 343 344 803 324 
870 : 872 10 584 
871 : 209 398 
872 : 870 27 283 466 99 
873 : 12 116 
874 : 322 671 163 533 
875 : 876 229 275 688 508 
876 : 875 878 620 674 
877 : 754 488 537 
878 : 876 880 601 911 
879 : 880 378 665 772 
880 : 879 878 392 455 252 
881 : 360 199 
882 : 883 884 63 
883 : 882 808 913 912 26 58 
884 : 882 886 595 902 
885 : 635 395 
886 : 884 35 572 964 203 
887 : 60 273 
888 : 173 535 
889 : 68 934 460 
890 : 892 46 
891 : 892 85 143 370 834 981 
892 : 891 890 676 785 904 
893 : 653 605 324 
894 : 792 549 435 
895 : 359 155 361 
896 : 898 434 349 905 
897 : 898 327 73 31 
898 : 897 896 449 827 139 257 304 
899 : 363 437 
900 : 58 687 465 193 
901 : 472 205 
902 : 202 573 884 
903 : 905 523 685 
904 : 532 914 187 892 808 
905 : 903 602 322 511 896 
906 : 194 237 
907 : 179 73 172 
908 : 36 934 398 909 921 
909 : 911 105 408 433 158 534 908 
910 : 911 12 927 
911 : 910 912 909 560 93 346 557 878 
912 : 911 914 883 141 
913 : 883 267 959 780 
914 : 912 636 904 999 521 
915 : 917 50 686 282 965 856 
916 : 738 120 601 
917 : 915 817 78 811 
918 : 309 422 
919 : 921 810 132 768 
920 : 726 610 88 161 943 
921 : 919 622 246 908 
922 : 924 714 575 394 
923 : 932 345 672 107 
924 : 922 926 516 201 
925 : 137 378 
926 : 924 928 940 30 
927 : 929 974 306 910 
928 : 929 926 628 241 
929 : 928 927 477 984 855 
930 : 615 267 
931 : 101 845 343 365 386 
932 : 923 841 251 
933 : 771 700 499 
934 : 723 908 889 817 824 
935 : 592 982 747 818 862 
936 : 297 829 737 49 
937 : 9 504 581 627 
938 : 134 459 
939 : 941 694 
940 : 942 926 645 
941 : 939 733 144 849 17 952 
942 : 943 940 971 446 378 
943 : 942 309 601 67 763 920 128 
944 : 946 963 
945 : 409 218 770 749 
946 : 944 685 599 333 728 
947 : 948 25 396 138 
948 : 947 949 386 649 724 
949 : 948 235 982 700 
950 : 719 770 303 497 
951 : 319 805 123 213 21 
952 : 857 129 527 941 
953 : 290 589 594 35 669 
954 : 308 538 632 241 180 838 
955 : 956 432 
956 : 955 371 83 496 88 
957 : 68 725 397 985 
958 : 305 375 650 
959 : 913 197 655 366 
960 : 961 502 617 671 
961 : 960 78 682 185 
962 : 775 198 470 209 
963 : 965 944 327 841 
964 : 886 809 373 
965 : 963 915 729 
966 : 968 429 
967 : 549 719 793 
968 : 966 436 736 42 174 
969 : 379 779 
970 : 972 168 721 
971 : 942 156 
972 : 970 974 236 576 304 986 
973 : 803 985 
974 : 972 164 427 927 856 140 455 
975 : 125 400 547 
976 : 29 705 684 
977 : 545 801 792 997 
978 : 979 768 808 161 
979 : 978 980 996 
980 : 979 981 460 431 104 
981 : 980 166 891 737 
982 : 4 949 935 429 252 
983 : 985 741 777 
984 : 985 986 743 929 566 
985 : 984 983 26 413 153 149 957 973 839 
986 : 984 126 972 49 
987 : 363 645 
988 : 990 13 
989 : 991 574 827 771 
990 : 988 663 399 764 
991 : 989 251 697 
992 : 343 773 848 
993 : 994 365 452 206 
994 : 993 372 665 567 
995 : 801 423 385 12 
996 : 185 58 98 979 752 
997 : 263 318 507 104 977 
998 : 779 770 252 
999 : 914 380 484 37 
1000 : 1 2 858 
