1 : 437 162 586 
2 : 1000 713 21 838 343 661 
3 : 4 345 248 
4 : 3 738 412 32 
5 : 7 954 712 116 910 
6 : 615 264 706 235 319 
7 : 5 780 532 36 937 
8 : 901 381 790 
9 : 11 78 700 
10 : 70 492 151 
11 : 9 402 302 443 926 367 
12 : 313 838 205 952 
13 : 784 242 824 
14 : 15 791 345 
15 : 14 16 17 27 
16 : 15 17 18 861 
17 : 16 18 15 599 176 
18 : 17 16 906 990 254 768 
19 : 722 214 893 126 306 
20 : 634 293 50 
21 : 2 368 
22 : 752 349 815 972 610 
23 : 406 82 711 381 936 986 
24 : 544 42 352 199 55 461 
25 : 27 722 605 
26 : 816 279 920 458 
27 : 25 15 741 809 894 
28 : 403 934 221 212 
29 : 423 395 295 
30 : 31 896 
31 : 30 455 787 
32 : 927 4 
33 : 35 686 501 954 
34 : 154 574 753 462 
35 : 33 37 719 
36 : 288 7 614 878 
37 : 38 35 39 
38 : 37 39 898 
39 : 38 37 266 362 979 
40 : 544 458 836 908 77 188 
41 : 43 250 103 351 
42 : 44 24 415 499 
43 : 41 89 313 695 506 524 771 
44 : 42 684 617 625 105 57 293 
45 : 928 480 
46 : 47 975 58 757 
47 : 46 490 722 
48 : 50 597 984 746 
49 : 51 306 830 979 352 
50 : 48 214 219 20 378 
51 : 49 288 396 515 156 
52 : 545 758 924 195 963 
53 : 55 713 631 
54 : 55 324 
55 : 54 53 422 505 24 
56 : 213 365 700 736 507 
57 : 861 171 44 307 
58 : 233 768 795 46 493 509 
59 : 60 61 576 994 
60 : 59 61 960 393 
61 : 60 59 71 565 461 
62 : 798 799 827 
63 : 117 1000 870 
64 : 833 124 759 
65 : 67 413 273 914 99 
66 : 68 69 
67 : 65 69 894 987 
68 : 66 984 194 402 183 
69 : 67 66 541 611 714 862 
70 : 10 610 626 778 634 562 720 
71 : 61 405 94 818 883 
72 : 289 285 139 808 
73 : 74 222 407 618 
74 : 73 101 484 348 569 
75 : 872 380 499 860 517 227 843 
76 : 469 725 
77 : 225 116 40 375 
78 : 9 472 598 
79 : 80 926 468 567 734 
80 : 79 82 311 374 
81 : 82 538 154 659 811 917 
82 : 81 80 23 258 495 370 
83 : 186 968 643 
84 : 200 694 98 
85 : 905 927 869 396 
86 : 809 213 939 387 
87 : 356 259 288 649 879 
88 : 708 165 178 835 
89 : 90 43 144 255 885 
90 : 89 749 811 984 
91 : 649 266 
92 : 323 304 685 127 316 
93 : 477 752 531 
94 : 95 300 945 71 506 442 
95 : 94 97 312 204 
96 : 492 488 283 802 
97 : 98 95 526 864 104 
98 : 97 780 155 210 84 949 309 680 
99 : 148 227 942 65 
100 : 173 528 746 439 912 
101 : 74 752 612 792 435 
102 : 345 297 630 359 
103 : 104 890 41 
104 : 103 584 97 806 635 668 
105 : 107 285 44 329 797 
106 : 107 898 586 966 
107 : 106 105 109 951 160 522 939 138 927 
108 : 109 209 572 559 215 
109 : 108 107 167 866 458 716 
110 : 111 902 617 978 
111 : 110 113 925 
112 : 265 728 216 656 
113 : 111 827 534 323 449 749 
114 : 742 590 
115 : 277 781 369 
116 : 77 466 5 262 751 851 
117 : 63 578 843 295 
118 : 119 120 
119 : 118 380 585 
120 : 121 118 684 688 457 
121 : 120 783 137 516 594 776 
122 : 543 729 171 364 780 
123 : 928 507 361 
124 : 64 658 759 
125 : 683 937 387 
126 : 561 294 527 19 866 547 
127 : 196 92 465 
128 : 373 507 536 
129 : 130 575 377 145 
130 : 129 506 332 866 
131 : 638 410 423 
132 : 322 585 186 
133 : 919 324 742 411 
134 : 328 822 871 619 191 323 
135 : 136 987 922 
136 : 135 533 796 499 
137 : 121 563 
138 : 529 322 107 
139 : 164 179 72 
140 : 495 243 
141 : 622 660 442 348 
142 : 143 333 1000 332 
143 : 142 144 882 187 
144 : 143 159 678 89 871 744 921 
145 : 625 129 426 698 
146 : 649 334 
147 : 148 149 982 606 
148 : 147 149 99 896 
149 : 148 147 547 564 
150 : 152 535 716 850 
151 : 153 197 447 10 853 
152 : 150 154 927 867 
153 : 151 431 371 312 868 
154 : 152 34 863 81 381 
155 : 157 98 
156 : 241 566 687 701 51 970 
157 : 158 155 159 832 902 
158 : 157 159 885 571 
159 : 158 157 161 144 680 356 
160 : 107 457 735 479 551 796 
161 : 159 163 413 414 
162 : 1 971 353 
163 : 161 315 219 
164 : 139 971 569 
165 : 88 260 675 
166 : 251 825 346 
167 : 168 109 749 
168 : 167 785 502 671 933 649 807 
169 : 170 234 309 
170 : 169 619 713 453 849 
171 : 57 255 122 181 592 
172 : 173 174 368 
173 : 172 100 669 709 453 
174 : 172 176 649 
175 : 176 320 798 633 
176 : 175 174 373 423 17 409 663 800 
177 : 988 596 965 
178 : 88 910 942 691 
179 : 139 737 609 
180 : 578 999 905 
181 : 182 171 
182 : 181 740 363 
183 : 697 68 365 
184 : 530 468 
185 : 186 348 211 992 
186 : 185 83 744 132 422 
187 : 442 530 953 143 431 594 
188 : 558 886 40 
189 : 265 216 250 328 398 950 
190 : 643 390 529 
191 : 542 134 859 
192 : 622 441 
193 : 844 807 
194 : 68 378 449 451 304 
195 : 196 858 52 
196 : 195 127 412 968 214 
197 : 151 323 442 234 
198 : 199 200 385 756 
199 : 198 975 314 24 696 
200 : 198 84 962 937 391 
201 : 932 212 739 
202 : 204 622 270 462 570 
203 : 204 637 
204 : 203 202 633 95 
205 : 206 12 380 
206 : 205 990 341 730 
207 : 208 789 889 
208 : 207 646 336 
209 : 108 341 354 
210 : 98 518 604 
211 : 762 185 388 
212 : 201 28 
213 : 215 56 86 545 
214 : 50 19 409 196 933 
215 : 216 213 108 944 
216 : 215 189 691 720 112 966 527 614 
217 : 817 730 
218 : 220 498 523 959 
219 : 50 500 533 163 900 854 
220 : 218 313 352 
221 : 805 28 440 
222 : 224 73 310 236 
223 : 859 993 563 
224 : 222 333 594 546 
225 : 227 77 446 767 290 
226 : 228 387 795 
227 : 225 99 75 
228 : 226 837 643 722 891 
229 : 267 692 789 384 
230 : 231 232 636 705 
231 : 230 232 881 
232 : 231 233 230 752 422 
233 : 232 58 872 873 951 
234 : 169 686 197 
235 : 945 245 6 
236 : 678 775 797 222 
237 : 416 719 950 457 929 
238 : 739 477 281 450 
239 : 240 776 
240 : 239 241 808 502 828 
241 : 240 242 156 590 315 
242 : 241 243 13 815 
243 : 242 440 140 597 984 
244 : 993 936 940 
245 : 247 235 298 869 
246 : 813 542 288 
247 : 245 839 367 
248 : 920 3 705 
249 : 845 596 550 
250 : 41 798 804 807 189 662 603 857 
251 : 252 166 486 259 
252 : 251 730 330 987 
253 : 255 999 602 
254 : 418 977 18 660 
255 : 253 171 570 89 436 988 
256 : 258 347 742 
257 : 259 700 744 
258 : 256 82 878 648 
259 : 257 87 251 
260 : 262 301 165 
261 : 584 494 834 333 
262 : 260 694 116 282 773 
263 : 366 844 453 557 639 
264 : 266 6 
265 : 267 112 189 719 812 
266 : 264 39 947 91 846 
267 : 265 229 611 414 679 653 646 
268 : 269 270 627 985 
269 : 268 270 271 298 
270 : 269 268 202 359 442 491 629 
271 : 269 941 617 
272 : 908 974 291 682 
273 : 275 65 673 928 684 932 
274 : 967 427 
275 : 273 277 744 596 
276 : 351 394 
277 : 278 275 115 1000 445 491 
278 : 277 279 788 
279 : 278 26 468 889 
280 : 281 588 
281 : 280 571 238 
282 : 923 262 
283 : 284 96 
284 : 283 285 478 770 684 495 
285 : 284 105 674 72 637 728 
286 : 361 803 775 
287 : 288 622 521 662 
288 : 287 36 51 87 246 839 
289 : 291 72 904 
290 : 588 225 996 
291 : 289 417 900 272 842 665 
292 : 294 935 
293 : 475 20 44 
294 : 292 126 815 
295 : 297 587 906 29 117 513 
296 : 595 515 
297 : 295 102 495 663 
298 : 245 269 
299 : 300 872 
300 : 299 94 357 923 
301 : 260 464 940 344 632 
302 : 11 940 
303 : 863 545 663 
304 : 306 92 194 588 741 
305 : 306 560 
306 : 305 304 49 565 995 19 464 
307 : 531 901 57 
308 : 611 859 
309 : 734 169 98 
310 : 222 885 
311 : 80 401 653 332 
312 : 313 95 153 
313 : 312 12 220 43 439 758 544 
314 : 199 928 
315 : 163 644 241 
316 : 600 92 
317 : 318 707 
318 : 317 320 747 
319 : 700 556 6 
320 : 318 175 808 
321 : 323 536 
322 : 324 132 138 456 621 
323 : 324 321 92 197 113 134 924 
324 : 323 322 133 54 672 990 
325 : 326 504 
326 : 325 327 784 450 
327 : 326 329 518 
328 : 329 134 189 
329 : 328 327 593 105 
330 : 374 252 814 456 591 630 
331 : 464 967 998 955 598 833 
332 : 130 311 142 
333 : 335 224 142 261 
334 : 779 146 428 
335 : 333 560 543 823 788 
336 : 338 545 208 
337 : 577 568 
338 : 336 340 811 815 
339 : 341 856 
340 : 338 852 565 
341 : 342 339 721 206 209 453 
342 : 341 378 459 421 
343 : 565 2 681 
344 : 346 829 301 
345 : 102 3 14 
346 : 344 490 517 166 484 
347 : 348 256 373 982 647 866 989 
348 : 347 185 493 74 141 583 
349 : 351 22 384 473 
350 : 846 386 729 953 
351 : 349 276 443 41 783 
352 : 24 220 49 
353 : 921 162 
354 : 355 209 
355 : 354 357 493 835 982 
356 : 358 87 159 703 
357 : 358 355 711 300 440 507 951 
358 : 357 359 356 360 361 
359 : 358 270 102 
360 : 358 362 410 496 793 
361 : 286 358 557 123 
362 : 363 360 364 482 39 
363 : 362 739 477 182 846 
364 : 365 362 425 122 881 
365 : 364 367 56 677 183 719 
366 : 367 263 931 671 960 
367 : 366 365 369 375 474 11 247 747 
368 : 172 578 21 469 
369 : 367 569 115 
370 : 747 388 82 438 
371 : 781 153 944 
372 : 436 900 532 803 
373 : 128 176 347 754 
374 : 330 991 816 80 
375 : 377 367 700 77 
376 : 562 929 
377 : 378 375 932 129 722 
378 : 377 342 194 707 50 
379 : 381 732 581 
380 : 119 75 951 205 712 
381 : 379 8 154 23 465 
382 : 468 944 634 
383 : 937 757 701 
384 : 536 429 229 349 
385 : 387 198 899 765 
386 : 387 350 894 
387 : 386 385 226 728 611 738 125 86 
388 : 370 211 909 
389 : 668 859 738 
390 : 801 190 972 
391 : 699 587 850 200 
392 : 517 810 1000 
393 : 394 60 898 
394 : 393 928 455 276 563 733 
395 : 29 526 
396 : 51 85 
397 : 661 677 
398 : 661 727 189 
399 : 836 601 
400 : 402 999 874 
401 : 402 403 311 
402 : 401 400 404 11 68 
403 : 401 28 941 672 
404 : 402 930 632 420 
405 : 71 608 560 
406 : 408 23 838 664 
407 : 408 514 764 73 645 504 
408 : 407 409 406 410 526 
409 : 408 214 176 595 428 
410 : 408 360 131 909 595 
411 : 456 562 133 868 
412 : 196 924 4 620 
413 : 65 161 926 627 
414 : 267 473 703 161 419 
415 : 42 491 
416 : 237 793 617 
417 : 291 821 956 867 
418 : 254 869 805 
419 : 593 546 702 414 
420 : 843 876 404 770 
421 : 771 342 554 
422 : 55 464 186 232 817 
423 : 425 29 176 131 
424 : 432 915 608 577 
425 : 423 427 364 800 485 679 
426 : 583 145 712 
427 : 425 532 274 681 
428 : 782 334 409 725 
429 : 384 864 
430 : 431 963 955 
431 : 430 153 538 854 187 957 
432 : 424 942 727 
433 : 434 435 986 
434 : 433 435 453 925 
435 : 434 433 990 101 842 
436 : 372 697 548 255 
437 : 1 898 595 579 
438 : 479 370 
439 : 313 100 699 819 
440 : 442 243 953 221 357 
441 : 443 732 192 
442 : 440 187 270 141 197 94 
443 : 441 351 11 978 594 
444 : 445 446 833 
445 : 444 739 642 277 823 
446 : 447 444 225 786 644 
447 : 446 449 151 627 863 548 
448 : 449 824 739 
449 : 448 447 194 113 531 
450 : 879 922 326 238 770 
451 : 194 851 
452 : 453 577 
453 : 452 454 170 263 341 434 173 
454 : 453 456 506 
455 : 457 31 394 582 487 652 
456 : 454 411 322 949 330 
457 : 455 160 120 237 
458 : 40 26 109 
459 : 942 342 472 848 
460 : 677 726 915 
461 : 462 61 24 
462 : 461 202 34 965 
463 : 615 487 
464 : 301 331 422 804 306 
465 : 897 127 381 
466 : 468 116 710 898 
467 : 790 612 
468 : 466 382 279 184 79 522 
469 : 470 76 368 814 786 939 
470 : 469 471 472 650 
471 : 470 984 734 600 
472 : 470 78 764 459 986 789 
473 : 414 349 752 
474 : 367 894 921 715 
475 : 293 839 761 997 
476 : 593 867 847 
477 : 479 93 363 238 
478 : 284 647 523 
479 : 477 438 834 160 
480 : 481 45 800 
481 : 480 997 787 862 926 511 
482 : 362 864 
483 : 606 777 
484 : 74 346 688 882 
485 : 845 425 640 
486 : 487 251 990 666 
487 : 486 537 463 455 798 
488 : 489 96 706 658 
489 : 488 490 491 831 
490 : 489 47 346 733 928 
491 : 489 933 270 415 277 909 
492 : 96 10 510 902 629 564 
493 : 355 348 961 58 644 813 
494 : 496 261 828 
495 : 140 297 82 284 
496 : 494 498 360 604 
497 : 498 499 
498 : 497 496 218 632 592 
499 : 497 75 136 42 
500 : 219 667 832 979 
501 : 503 33 857 
502 : 168 240 
503 : 504 501 785 
504 : 503 763 325 407 784 
505 : 507 55 
506 : 507 130 454 43 94 625 
507 : 506 508 505 56 123 128 357 
508 : 507 509 510 
509 : 508 510 866 58 
510 : 509 508 492 874 
511 : 658 481 
512 : 653 634 726 
513 : 734 295 
514 : 407 976 
515 : 51 296 843 
516 : 121 525 
517 : 519 392 346 75 740 
518 : 520 327 746 210 
519 : 517 692 879 
520 : 518 583 650 
521 : 789 919 287 
522 : 107 468 713 
523 : 218 478 863 
524 : 856 43 
525 : 526 935 516 734 
526 : 525 97 868 395 408 642 
527 : 126 216 962 
528 : 100 558 
529 : 138 704 190 
530 : 184 187 695 
531 : 532 307 856 93 449 969 
532 : 531 427 7 372 934 
533 : 136 219 784 
534 : 536 113 
535 : 536 150 843 
536 : 535 534 321 384 659 128 
537 : 539 487 888 
538 : 431 81 729 911 
539 : 540 537 889 
540 : 539 542 593 
541 : 542 69 912 590 
542 : 541 540 544 191 246 
543 : 122 335 923 575 
544 : 542 24 40 664 874 313 
545 : 52 336 303 213 
546 : 419 842 224 
547 : 149 831 126 743 
548 : 436 973 447 
549 : 551 737 592 
550 : 867 821 249 
551 : 552 549 160 
552 : 551 553 738 825 
553 : 552 882 904 735 674 
554 : 555 421 
555 : 554 556 747 
556 : 555 319 969 954 
557 : 361 763 263 
558 : 188 652 683 528 832 886 
559 : 955 108 743 822 
560 : 335 943 305 405 957 593 
561 : 562 126 699 650 
562 : 561 376 411 70 
563 : 744 137 223 394 731 
564 : 565 634 149 492 750 840 
565 : 564 306 343 61 340 735 
566 : 156 601 867 
567 : 761 79 858 
568 : 570 866 337 
569 : 570 369 803 164 74 
570 : 569 568 255 202 702 
571 : 281 744 782 158 
572 : 108 717 
573 : 574 806 644 864 
574 : 573 34 691 
575 : 129 543 599 648 788 
576 : 578 59 
577 : 337 704 452 424 601 
578 : 576 580 117 180 368 762 
579 : 581 734 841 845 437 
580 : 578 585 851 650 
581 : 579 583 379 732 873 
582 : 584 455 
583 : 581 426 520 982 348 
584 : 582 104 261 902 961 
585 : 587 580 132 119 670 
586 : 908 725 1 106 603 
587 : 585 589 295 391 
588 : 290 813 280 304 
589 : 587 954 696 857 
590 : 591 114 241 541 
591 : 590 592 330 657 708 
592 : 591 549 498 171 
593 : 594 329 419 476 540 560 
594 : 593 121 224 443 187 
595 : 296 437 409 410 920 
596 : 177 249 275 
597 : 599 48 851 243 
598 : 705 78 331 
599 : 597 17 575 760 
600 : 601 316 471 
601 : 600 566 399 577 
602 : 253 968 
603 : 965 586 250 
604 : 496 651 210 
605 : 25 841 919 
606 : 607 483 147 
607 : 606 608 609 
608 : 607 405 661 424 667 
609 : 610 607 179 
610 : 609 611 612 70 847 22 842 
611 : 610 267 308 387 69 839 694 
612 : 610 101 637 467 997 
613 : 678 696 
614 : 799 658 36 216 
615 : 6 463 934 818 
616 : 617 723 825 
617 : 616 44 889 271 416 110 975 
618 : 619 754 73 794 
619 : 618 170 804 717 134 829 
620 : 621 622 629 412 879 946 
621 : 620 322 757 
622 : 620 141 192 202 831 287 930 
623 : 624 825 866 
624 : 623 625 655 999 
625 : 624 627 145 44 506 
626 : 70 904 
627 : 625 447 413 268 
628 : 629 697 860 
629 : 628 620 492 270 769 
630 : 681 749 831 102 330 
631 : 53 942 
632 : 498 404 737 301 
633 : 634 204 175 865 
634 : 633 20 564 70 512 382 
635 : 751 104 
636 : 822 230 
637 : 612 203 285 722 
638 : 639 640 131 
639 : 638 911 263 
640 : 641 638 943 485 
641 : 640 706 763 
642 : 445 526 
643 : 190 228 83 676 
644 : 315 656 808 493 573 446 920 
645 : 836 407 967 903 
646 : 647 208 709 267 
647 : 646 478 347 
648 : 649 258 575 
649 : 648 91 146 174 87 168 970 678 693 892 
650 : 800 520 561 580 470 880 
651 : 604 761 686 
652 : 653 558 730 455 
653 : 652 655 512 311 840 267 
654 : 777 741 665 
655 : 656 653 657 714 624 872 
656 : 655 644 944 826 112 
657 : 655 809 722 591 804 836 
658 : 511 614 881 124 488 
659 : 660 536 81 
660 : 659 141 254 
661 : 662 397 398 608 2 
662 : 661 669 250 287 
663 : 664 905 297 303 176 
664 : 663 665 544 406 685 
665 : 664 848 654 291 
666 : 782 781 486 
667 : 669 500 608 
668 : 389 769 104 671 
669 : 667 173 662 987 848 
670 : 671 585 
671 : 670 168 366 668 
672 : 697 324 403 893 
673 : 675 273 813 
674 : 675 285 553 
675 : 674 673 1000 921 165 
676 : 677 643 
677 : 676 460 365 397 692 
678 : 236 613 144 649 827 
679 : 267 425 
680 : 681 159 98 
681 : 680 682 630 427 343 
682 : 681 969 272 
683 : 125 558 821 790 
684 : 44 120 284 273 
685 : 92 664 
686 : 33 234 651 
687 : 156 991 
688 : 120 484 
689 : 690 763 998 
690 : 689 780 896 
691 : 216 574 178 971 
692 : 694 519 229 677 
693 : 694 649 
694 : 693 692 262 84 611 
695 : 697 43 530 
696 : 589 708 199 613 805 
697 : 698 695 699 183 436 672 628 
698 : 697 841 145 777 
699 : 697 701 391 561 439 
700 : 257 319 375 56 9 
701 : 699 703 156 895 383 
702 : 419 570 
703 : 701 414 356 
704 : 529 577 718 935 855 959 
705 : 598 755 248 230 
706 : 707 708 641 6 488 
707 : 706 709 378 317 
708 : 706 88 696 715 591 
709 : 707 711 646 173 837 
710 : 712 466 739 
711 : 709 713 357 23 
712 : 710 5 380 426 
713 : 711 2 53 170 522 
714 : 655 69 
715 : 708 474 
716 : 150 109 
717 : 619 572 980 
718 : 719 704 815 
719 : 718 35 265 237 365 
720 : 216 70 
721 : 341 754 
722 : 724 19 25 657 47 228 377 637 821 
723 : 725 616 
724 : 722 726 856 820 
725 : 723 586 76 428 945 
726 : 724 460 992 512 
727 : 398 432 928 
728 : 387 112 285 
729 : 808 122 538 350 
730 : 252 652 217 206 
731 : 732 563 781 
732 : 731 733 379 441 766 802 968 581 
733 : 732 734 490 394 
734 : 733 309 513 579 894 471 525 79 
735 : 776 743 750 160 553 565 963 
736 : 56 997 949 
737 : 739 549 632 179 
738 : 4 387 389 552 784 
739 : 737 238 363 445 710 924 201 448 
740 : 182 850 517 753 
741 : 654 27 304 
742 : 114 133 837 948 966 256 
743 : 735 559 547 
744 : 186 275 563 571 257 144 
745 : 746 779 946 980 
746 : 745 518 100 48 
747 : 318 370 794 855 555 367 
748 : 749 750 
749 : 748 90 630 167 113 
750 : 748 735 564 
751 : 752 635 116 861 
752 : 751 22 101 93 232 473 948 
753 : 34 740 
754 : 756 618 373 721 
755 : 756 757 705 957 
756 : 755 754 758 198 
757 : 755 383 916 621 46 884 
758 : 756 52 313 869 
759 : 760 64 124 
760 : 759 788 599 
761 : 762 567 475 651 906 
762 : 761 764 211 578 
763 : 765 504 557 641 689 
764 : 762 472 407 902 
765 : 763 923 385 
766 : 768 732 805 
767 : 769 225 
768 : 766 58 18 
769 : 770 767 668 870 629 
770 : 769 284 420 450 
771 : 772 421 43 806 
772 : 771 899 859 
773 : 774 262 830 970 
774 : 773 775 818 
775 : 774 236 286 
776 : 778 735 928 848 121 239 
777 : 778 654 483 698 
778 : 777 776 70 816 
779 : 334 745 910 
780 : 7 98 690 950 122 
781 : 371 666 115 731 830 
782 : 784 428 666 571 
783 : 784 121 801 351 
784 : 783 782 13 326 533 738 504 
785 : 787 168 894 503 
786 : 787 446 469 
787 : 786 785 789 481 31 
788 : 789 760 278 335 575 
789 : 788 787 521 229 207 472 793 977 
790 : 791 467 8 683 
791 : 790 793 919 14 
792 : 101 910 
793 : 791 416 360 789 
794 : 795 747 618 
795 : 794 58 971 226 938 
796 : 136 160 
797 : 236 105 
798 : 62 250 175 487 
799 : 801 614 62 
800 : 650 425 480 176 
801 : 799 803 390 783 
802 : 732 96 
803 : 801 569 880 286 372 
804 : 464 619 250 657 
805 : 806 221 418 696 766 
806 : 805 573 956 104 771 
807 : 250 923 193 168 
808 : 729 644 240 320 72 
809 : 810 86 657 27 
810 : 809 812 392 936 
811 : 338 90 81 
812 : 810 265 980 946 
813 : 246 588 673 493 
814 : 816 958 330 469 
815 : 22 242 294 718 338 
816 : 814 818 26 374 989 778 
817 : 818 217 422 
818 : 817 816 919 615 774 71 
819 : 820 439 
820 : 819 838 724 
821 : 417 550 683 722 
822 : 636 134 559 
823 : 335 445 
824 : 832 448 13 
825 : 623 166 616 552 
826 : 828 656 
827 : 828 113 846 62 678 
828 : 827 826 494 240 
829 : 830 831 344 619 
830 : 829 49 781 773 
831 : 829 547 622 630 888 489 
832 : 824 500 558 157 
833 : 64 444 331 
834 : 479 261 995 913 
835 : 836 88 355 
836 : 835 399 645 40 657 
837 : 228 742 709 
838 : 840 406 820 12 2 
839 : 840 841 247 475 288 611 
840 : 839 838 653 564 
841 : 839 843 698 579 605 
842 : 546 291 435 610 
843 : 841 420 117 515 535 75 
844 : 193 263 912 
845 : 249 485 579 891 996 
846 : 848 350 827 266 363 
847 : 610 476 
848 : 846 665 776 865 669 459 
849 : 850 170 
850 : 849 740 391 150 
851 : 597 580 451 116 
852 : 853 340 984 
853 : 852 854 151 
854 : 853 431 918 219 
855 : 747 704 
856 : 339 524 724 531 903 933 
857 : 501 589 250 
858 : 195 567 
859 : 223 389 308 772 191 
860 : 75 628 
861 : 57 16 751 
862 : 481 69 
863 : 865 154 303 447 997 523 
864 : 97 429 482 573 
865 : 863 867 848 991 633 
866 : 568 509 109 126 130 623 347 
867 : 865 550 152 476 566 417 
868 : 526 411 153 
869 : 418 245 892 85 758 986 981 
870 : 872 769 63 
871 : 873 134 884 144 
872 : 873 870 75 233 299 655 
873 : 872 871 233 581 890 926 
874 : 544 510 400 
875 : 927 936 
876 : 878 420 
877 : 878 879 
878 : 877 876 258 36 
879 : 880 877 450 87 519 620 
880 : 879 803 650 
881 : 658 231 364 
882 : 553 143 484 993 
883 : 884 71 
884 : 883 871 757 
885 : 886 158 310 89 
886 : 885 188 558 
887 : 936 953 943 
888 : 537 831 947 956 
889 : 617 279 539 207 
890 : 103 873 
891 : 845 950 228 955 
892 : 869 649 
893 : 895 19 672 908 974 
894 : 67 734 785 474 386 27 
895 : 893 897 701 
896 : 897 30 148 690 936 
897 : 896 895 465 919 954 984 
898 : 437 106 38 393 466 
899 : 772 385 930 
900 : 291 219 372 978 
901 : 903 8 307 
902 : 584 492 110 764 157 
903 : 901 856 645 
904 : 906 289 553 626 
905 : 85 663 180 929 
906 : 904 908 18 295 761 
907 : 908 909 
908 : 907 906 272 586 40 962 893 
909 : 907 410 388 491 
910 : 178 779 792 5 
911 : 912 639 538 
912 : 911 913 541 844 100 
913 : 912 938 834 
914 : 916 65 
915 : 917 424 460 
916 : 914 918 757 
917 : 915 997 81 
918 : 916 920 854 
919 : 133 791 818 897 521 605 958 
920 : 918 248 26 988 595 644 
921 : 353 675 474 144 
922 : 450 135 
923 : 282 765 807 543 300 
924 : 412 739 52 323 
925 : 926 111 434 
926 : 925 413 11 79 481 873 
927 : 32 152 875 85 107 
928 : 930 45 123 394 776 273 314 490 727 
929 : 930 376 905 237 
930 : 929 928 932 404 947 622 899 
931 : 366 991 
932 : 930 201 377 273 980 
933 : 491 168 856 214 
934 : 615 28 532 
935 : 937 292 525 704 
936 : 887 810 244 875 896 23 
937 : 935 383 125 200 7 
938 : 939 913 795 
939 : 938 107 86 469 
940 : 301 302 244 
941 : 942 943 271 403 
942 : 941 944 432 459 99 178 631 
943 : 941 560 640 887 
944 : 945 942 656 371 382 215 
945 : 944 235 94 725 
946 : 745 812 620 
947 : 266 930 888 989 
948 : 742 752 
949 : 456 98 736 
950 : 780 891 237 189 
951 : 107 380 233 357 
952 : 953 12 
953 : 952 440 187 887 350 
954 : 5 589 897 556 33 
955 : 956 559 331 430 891 
956 : 955 958 806 417 888 
957 : 959 755 431 560 
958 : 959 956 814 919 
959 : 958 957 218 704 
960 : 60 366 
961 : 963 493 584 
962 : 200 908 527 
963 : 961 430 735 52 
964 : 965 966 
965 : 964 966 967 603 177 462 
966 : 965 964 742 216 106 
967 : 965 969 274 331 645 
968 : 970 732 83 196 602 
969 : 967 682 556 531 
970 : 971 968 156 649 773 
971 : 970 164 795 162 691 
972 : 22 390 988 
973 : 975 548 
974 : 272 893 
975 : 973 199 46 617 
976 : 977 978 996 514 
977 : 976 254 789 
978 : 976 443 900 110 
979 : 49 500 39 
980 : 812 717 745 932 
981 : 982 869 
982 : 981 583 147 347 355 
983 : 984 985 
984 : 983 68 471 48 90 852 897 243 
985 : 983 994 268 
986 : 433 472 869 23 
987 : 669 67 135 252 
988 : 177 920 972 255 
989 : 816 947 347 
990 : 991 206 435 18 486 324 
991 : 990 993 374 865 687 931 
992 : 726 185 
993 : 991 244 223 882 
994 : 996 985 59 
995 : 997 306 834 
996 : 994 976 845 290 
997 : 995 481 917 863 612 736 475 
998 : 331 689 
999 : 253 400 180 624 
1000 : 2 675 63 142 277 392 
