1 : 1000 3 999 654 67 644 
2 : 600 838 
3 : 4 1 46 
4 : 3 319 468 495 579 622 
5 : 6 7 523 93 165 
6 : 5 29 450 313 
7 : 5 228 143 497 301 
8 : 383 876 588 422 
9 : 602 161 75 621 936 
10 : 960 282 592 744 275 
11 : 13 261 322 
12 : 14 667 824 
13 : 11 714 525 567 
14 : 12 320 660 90 
15 : 16 17 315 
16 : 15 18 398 
17 : 15 19 127 102 948 
18 : 16 20 336 
19 : 17 242 257 526 680 
20 : 21 18 828 920 540 
21 : 20 83 629 831 344 260 
22 : 860 820 557 697 
23 : 406 426 50 
24 : 26 431 207 959 
25 : 26 27 
26 : 25 24 28 223 927 
27 : 28 25 380 406 77 
28 : 27 26 643 476 207 516 884 
29 : 6 299 447 482 
30 : 31 93 547 795 219 
31 : 30 394 107 541 571 677 220 
32 : 266 262 582 
33 : 340 54 191 213 
34 : 961 321 761 884 369 
35 : 39 375 341 708 
36 : 172 426 557 846 881 
37 : 105 97 921 
38 : 437 524 199 
39 : 35 95 680 365 72 648 
40 : 515 765 
41 : 887 352 538 
42 : 262 355 73 
43 : 44 904 
44 : 43 46 757 
45 : 441 500 804 
46 : 44 130 3 691 
47 : 271 510 776 
48 : 97 68 270 684 736 
49 : 402 180 
50 : 229 444 23 141 577 
51 : 52 162 485 
52 : 51 480 91 161 773 
53 : 54 55 624 63 
54 : 53 33 935 401 941 
55 : 53 231 987 
56 : 118 990 
57 : 439 320 693 828 868 
58 : 59 818 835 185 
59 : 58 185 984 654 
60 : 605 971 509 
61 : 452 791 929 630 
62 : 85 558 530 
63 : 424 53 
64 : 461 117 426 
65 : 623 238 366 850 
66 : 280 109 
67 : 299 422 1 657 726 919 
68 : 48 224 423 
69 : 614 904 80 
70 : 247 78 780 864 
71 : 72 466 708 255 527 836 
72 : 71 373 39 510 
73 : 74 42 159 
74 : 73 392 502 
75 : 285 361 682 9 
76 : 356 543 
77 : 647 27 843 
78 : 70 577 851 243 912 
79 : 271 345 248 295 
80 : 684 69 189 196 361 374 
81 : 84 894 776 
82 : 98 930 125 
83 : 84 21 416 467 
84 : 83 81 139 537 247 198 292 632 
85 : 86 62 690 
86 : 85 245 484 914 333 883 
87 : 89 305 322 
88 : 876 280 766 929 
89 : 87 943 338 821 
90 : 183 446 14 461 
91 : 92 416 52 510 
92 : 91 920 738 820 274 
93 : 30 5 332 
94 : 380 492 681 114 820 
95 : 96 39 876 419 830 
96 : 95 522 799 171 
97 : 99 48 994 366 37 
98 : 82 586 385 891 
99 : 97 101 507 717 
100 : 839 352 538 477 767 
101 : 99 960 215 660 511 
102 : 103 17 
103 : 102 123 815 211 138 
104 : 106 906 587 
105 : 37 563 699 880 234 132 
106 : 104 968 452 
107 : 31 114 278 573 823 
108 : 488 680 
109 : 111 584 558 66 929 
110 : 433 162 910 
111 : 109 888 616 619 603 732 
112 : 113 174 
113 : 112 298 153 765 
114 : 107 94 628 
115 : 517 980 281 852 
116 : 166 321 
117 : 829 64 576 272 
118 : 119 56 502 567 258 
119 : 118 531 627 
120 : 293 292 409 
121 : 745 283 
122 : 426 318 
123 : 103 918 641 982 996 803 
124 : 724 607 187 319 615 
125 : 330 82 806 
126 : 193 321 420 
127 : 17 216 450 
128 : 500 855 882 
129 : 729 583 907 492 
130 : 131 46 853 760 
131 : 130 155 485 
132 : 994 105 398 588 
133 : 348 290 
134 : 136 318 669 
135 : 827 384 915 
136 : 137 134 203 
137 : 136 330 941 503 983 
138 : 327 103 
139 : 141 84 429 410 
140 : 637 945 665 
141 : 139 803 50 920 
142 : 144 651 
143 : 7 311 593 762 963 
144 : 145 142 979 
145 : 144 147 909 255 381 533 641 
146 : 238 449 644 717 916 
147 : 148 145 636 557 946 
148 : 147 544 991 498 
149 : 150 987 307 
150 : 149 190 672 
151 : 637 328 
152 : 153 782 942 612 
153 : 152 113 311 
154 : 293 804 161 796 
155 : 131 201 459 
156 : 457 205 
157 : 159 262 652 934 327 
158 : 815 824 
159 : 160 157 513 73 815 431 
160 : 159 161 162 362 484 
161 : 160 915 9 154 52 212 
162 : 160 282 51 110 175 
163 : 164 833 205 847 
164 : 163 166 538 185 391 330 731 
165 : 166 5 
166 : 165 167 164 168 116 916 
167 : 166 546 528 389 
168 : 169 166 170 645 347 
169 : 168 711 218 953 
170 : 168 654 758 544 676 
171 : 172 173 439 96 810 
172 : 171 36 875 386 556 454 855 
173 : 174 171 189 432 435 
174 : 173 175 745 112 570 
175 : 174 314 162 294 359 
176 : 353 925 
177 : 685 904 
178 : 993 340 678 238 435 938 
179 : 180 626 694 
180 : 179 963 49 216 
181 : 526 192 
182 : 183 378 
183 : 182 184 185 90 
184 : 183 186 877 
185 : 183 59 164 58 
186 : 187 184 581 518 638 986 
187 : 186 759 124 
188 : 190 458 312 
189 : 173 350 80 468 
190 : 188 192 150 708 336 630 321 
191 : 973 514 33 828 197 
192 : 190 919 865 181 227 
193 : 194 195 126 250 555 973 
194 : 193 706 988 
195 : 196 193 305 459 895 300 289 544 785 
196 : 195 479 509 80 662 
197 : 881 191 271 
198 : 265 320 985 84 
199 : 920 471 38 483 962 
200 : 202 431 442 
201 : 202 155 927 301 984 
202 : 201 200 880 332 625 
203 : 204 205 752 136 899 
204 : 203 829 919 730 
205 : 203 465 156 163 922 
206 : 207 500 
207 : 206 24 28 499 
208 : 559 394 842 
209 : 235 389 669 
210 : 211 212 837 877 740 949 
211 : 210 212 213 298 103 865 
212 : 211 210 650 316 393 822 161 861 867 
213 : 211 851 33 437 985 
214 : 300 350 298 
215 : 101 323 239 310 
216 : 217 127 180 741 935 
217 : 216 839 482 725 344 
218 : 220 303 169 497 
219 : 221 851 30 760 
220 : 218 341 31 373 
221 : 219 947 923 
222 : 224 608 720 
223 : 224 225 26 
224 : 223 222 465 68 622 
225 : 223 886 527 692 627 283 
226 : 228 830 590 926 
227 : 291 363 382 998 192 621 
228 : 226 7 682 652 358 
229 : 230 50 358 648 277 770 
230 : 229 831 467 
231 : 232 55 460 
232 : 231 737 708 
233 : 444 565 937 348 
234 : 436 105 926 
235 : 209 500 999 893 
236 : 489 739 799 
237 : 239 679 
238 : 146 65 178 867 620 862 
239 : 237 813 215 
240 : 241 887 539 
241 : 240 242 802 915 352 
242 : 241 243 19 756 812 914 
243 : 242 667 78 474 
244 : 884 614 
245 : 246 86 416 
246 : 245 248 501 
247 : 70 704 356 84 909 385 
248 : 246 928 79 541 
249 : 378 538 611 945 
250 : 400 864 193 487 
251 : 253 578 
252 : 962 371 549 
253 : 251 938 949 974 633 
254 : 256 495 705 476 
255 : 145 505 71 701 
256 : 254 258 755 327 329 570 
257 : 259 1000 19 
258 : 256 577 118 866 491 
259 : 257 966 400 957 297 
260 : 823 710 21 
261 : 11 444 538 
262 : 42 157 378 32 836 
263 : 265 648 
264 : 265 955 
265 : 264 263 267 198 911 
266 : 32 821 648 358 
267 : 268 265 574 
268 : 267 272 993 329 
269 : 271 359 466 651 
270 : 271 272 48 634 
271 : 270 272 269 47 79 197 
272 : 271 270 268 671 117 
273 : 431 765 309 
274 : 351 92 
275 : 276 10 663 
276 : 275 565 791 
277 : 621 333 229 976 
278 : 107 640 496 737 
279 : 280 281 771 
280 : 279 282 66 88 687 
281 : 279 283 573 115 548 
282 : 280 284 162 10 874 
283 : 284 281 121 225 408 
284 : 283 282 286 999 600 
285 : 75 740 834 
286 : 287 284 589 443 
287 : 286 498 631 
288 : 290 476 
289 : 290 195 729 
290 : 289 288 592 133 472 
291 : 227 798 741 832 
292 : 926 120 84 388 798 
293 : 120 154 614 347 
294 : 295 654 175 446 457 887 
295 : 294 774 702 703 79 
296 : 824 323 
297 : 962 259 
298 : 113 211 214 623 670 
299 : 29 67 805 556 716 510 
300 : 214 959 195 495 
301 : 625 7 201 
302 : 825 380 
303 : 218 352 535 549 675 915 
304 : 305 569 372 780 
305 : 304 87 195 644 763 
306 : 308 954 662 771 818 
307 : 494 685 149 
308 : 309 306 556 440 596 674 
309 : 308 609 602 273 
310 : 665 215 678 
311 : 143 153 709 
312 : 431 726 188 679 
313 : 314 979 6 
314 : 313 315 316 175 
315 : 314 649 15 507 607 639 
316 : 314 212 397 675 777 
317 : 319 627 399 796 
318 : 134 895 424 777 122 949 
319 : 317 4 740 792 124 380 906 
320 : 14 198 57 960 
321 : 34 116 126 190 543 
322 : 87 11 
323 : 325 475 215 296 781 856 
324 : 379 798 960 
325 : 323 825 933 546 395 
326 : 460 911 447 
327 : 138 256 157 340 
328 : 330 333 151 
329 : 256 268 614 
330 : 328 125 137 732 164 515 
331 : 332 609 
332 : 331 202 516 93 900 914 
333 : 328 277 86 
334 : 335 711 
335 : 334 601 671 
336 : 18 190 567 500 858 903 
337 : 338 506 573 
338 : 337 89 801 722 
339 : 341 566 946 
340 : 33 178 966 327 564 
341 : 339 220 1000 35 
342 : 343 344 
343 : 342 430 876 
344 : 345 342 21 217 956 475 
345 : 344 79 954 407 
346 : 348 511 665 
347 : 929 293 168 
348 : 346 133 501 517 233 
349 : 350 560 845 778 968 
350 : 349 189 406 214 990 455 
351 : 353 274 758 712 
352 : 303 100 41 241 394 721 
353 : 351 176 911 583 379 711 
354 : 379 979 789 
355 : 42 499 580 
356 : 76 247 387 826 536 
357 : 359 640 601 
358 : 229 266 228 463 993 
359 : 357 269 562 175 
360 : 362 909 
361 : 75 686 80 
362 : 363 360 972 160 
363 : 362 365 227 
364 : 471 889 
365 : 363 546 850 39 983 
366 : 97 701 881 65 576 778 
367 : 654 508 485 
368 : 370 595 808 
369 : 370 34 624 
370 : 369 368 457 570 748 917 993 
371 : 373 611 252 
372 : 373 304 
373 : 372 371 375 72 806 775 220 
374 : 375 657 80 890 
375 : 374 373 968 35 385 399 
376 : 377 378 518 403 907 
377 : 376 859 466 
378 : 379 376 249 262 407 868 941 182 602 928 
379 : 378 324 354 420 729 890 353 
380 : 94 27 976 302 319 490 825 
381 : 145 458 757 
382 : 227 619 581 
383 : 384 8 639 666 411 
384 : 383 386 135 858 524 
385 : 98 778 375 247 
386 : 384 388 172 392 
387 : 389 356 
388 : 389 386 732 918 292 595 
389 : 388 387 520 167 209 485 
390 : 847 813 
391 : 164 978 651 
392 : 393 74 386 
393 : 392 212 920 
394 : 31 208 352 582 
395 : 931 325 
396 : 941 982 
397 : 316 490 
398 : 399 16 132 888 
399 : 398 317 375 
400 : 250 259 650 519 
401 : 402 54 964 649 
402 : 401 404 49 733 809 
403 : 484 376 
404 : 402 428 686 
405 : 424 719 
406 : 408 23 350 597 27 
407 : 378 345 
408 : 406 612 595 871 283 
409 : 444 120 
410 : 139 431 939 854 895 
411 : 413 585 383 
412 : 537 519 
413 : 414 411 415 955 
414 : 413 415 467 698 
415 : 414 416 413 787 684 
416 : 415 418 91 83 245 908 
417 : 418 563 743 665 650 
418 : 417 419 416 967 
419 : 418 645 727 95 
420 : 379 691 126 532 
421 : 538 483 
422 : 67 8 
423 : 424 68 656 719 
424 : 423 63 405 318 823 
425 : 427 894 811 
426 : 122 36 939 23 64 
427 : 425 619 442 773 
428 : 404 697 646 800 918 
429 : 431 139 592 
430 : 431 343 461 
431 : 430 429 24 200 273 312 410 159 
432 : 434 173 
433 : 435 110 699 911 
434 : 435 432 443 575 603 544 901 
435 : 434 433 851 627 173 178 
436 : 437 234 705 
437 : 436 38 598 213 580 
438 : 710 545 788 
439 : 57 171 904 
440 : 765 308 
441 : 443 45 669 880 
442 : 427 200 853 
443 : 441 434 464 286 802 774 
444 : 233 261 409 50 492 
445 : 959 840 741 
446 : 448 90 294 460 
447 : 449 29 326 
448 : 449 446 606 
449 : 448 447 146 543 935 699 
450 : 991 6 127 463 835 
451 : 453 509 503 586 
452 : 453 61 106 983 
453 : 452 454 451 455 483 522 
454 : 453 820 172 
455 : 453 737 350 
456 : 905 975 646 533 661 
457 : 458 156 370 294 
458 : 457 188 381 629 703 
459 : 461 195 746 155 
460 : 326 500 231 446 989 
461 : 462 459 64 555 430 90 
462 : 461 463 466 
463 : 462 464 450 358 
464 : 463 443 508 
465 : 205 224 491 799 728 746 904 
466 : 71 377 462 269 937 
467 : 414 230 83 
468 : 470 4 189 
469 : 471 721 
470 : 471 468 883 795 
471 : 470 469 364 199 789 898 695 
472 : 830 290 557 
473 : 474 475 562 
474 : 473 894 951 243 
475 : 473 323 919 344 735 
476 : 288 925 28 254 
477 : 478 100 619 
478 : 477 686 970 742 
479 : 481 196 846 647 
480 : 52 583 849 603 872 
481 : 479 483 859 536 
482 : 217 994 29 832 
483 : 484 481 199 421 453 
484 : 483 403 86 937 160 508 
485 : 935 131 367 389 51 
486 : 866 904 
487 : 896 250 
488 : 108 637 960 859 
489 : 490 236 690 744 
490 : 489 708 397 380 
491 : 465 652 258 
492 : 94 444 129 
493 : 495 644 944 720 
494 : 495 496 307 610 
495 : 494 493 254 4 300 862 
496 : 494 522 501 278 
497 : 7 218 672 
498 : 287 641 148 718 
499 : 355 207 
500 : 128 235 460 45 206 336 738 
501 : 246 348 496 813 
502 : 118 74 836 897 
503 : 451 137 
504 : 505 858 
505 : 504 507 255 
506 : 507 337 658 724 
507 : 506 505 99 740 315 545 712 
508 : 367 464 484 762 
509 : 511 451 196 60 
510 : 47 91 299 72 
511 : 509 346 856 101 718 702 
512 : 991 691 522 
513 : 515 159 926 
514 : 516 191 
515 : 516 513 40 330 
516 : 515 514 332 908 28 
517 : 519 115 348 
518 : 376 186 817 
519 : 520 517 412 400 
520 : 519 389 940 876 690 
521 : 522 523 
522 : 521 96 496 576 905 957 512 453 
523 : 521 5 542 
524 : 38 384 754 
525 : 527 13 630 
526 : 527 181 857 19 698 
527 : 526 525 225 71 665 869 943 
528 : 167 843 
529 : 531 593 
530 : 531 62 898 
531 : 530 529 533 119 973 
532 : 940 420 979 
533 : 531 145 456 
534 : 814 564 635 675 
535 : 537 303 
536 : 481 356 637 
537 : 535 539 412 84 
538 : 164 421 249 100 261 41 
539 : 537 915 240 608 
540 : 594 836 20 654 
541 : 31 779 892 248 684 
542 : 712 523 828 682 
543 : 449 76 321 
544 : 148 753 170 434 195 
545 : 865 930 438 507 
546 : 547 548 167 365 781 325 
547 : 546 549 30 
548 : 546 739 281 
549 : 547 303 252 
550 : 552 872 831 
551 : 552 553 
552 : 551 550 798 985 
553 : 554 551 629 
554 : 553 556 565 872 886 
555 : 461 193 
556 : 554 558 299 172 308 
557 : 36 690 816 147 472 22 
558 : 556 109 62 582 
559 : 560 208 810 
560 : 559 349 925 
561 : 800 963 908 811 997 
562 : 359 578 473 
563 : 565 105 417 585 961 
564 : 565 534 340 
565 : 564 563 567 276 554 233 724 
566 : 567 568 339 901 673 
567 : 566 565 118 688 13 336 629 
568 : 566 570 936 
569 : 570 948 304 879 
570 : 569 568 370 609 174 256 716 
571 : 573 31 709 827 
572 : 574 813 627 
573 : 574 571 281 107 337 925 
574 : 573 575 572 267 742 
575 : 574 577 434 
576 : 522 967 117 366 588 
577 : 575 258 78 50 
578 : 580 251 562 761 780 
579 : 605 4 841 
580 : 581 578 355 437 965 
581 : 580 582 186 382 819 
582 : 581 583 394 558 32 
583 : 582 585 480 129 353 
584 : 109 761 885 963 
585 : 583 411 837 563 801 
586 : 587 98 961 451 790 
587 : 586 589 104 608 773 
588 : 734 8 576 132 
589 : 587 286 728 764 
590 : 592 226 844 
591 : 592 692 
592 : 591 590 290 429 10 928 812 994 
593 : 529 143 858 800 875 
594 : 540 990 968 
595 : 368 408 388 
596 : 964 308 
597 : 406 807 772 
598 : 437 787 788 956 792 
599 : 601 887 
600 : 2 284 830 
601 : 599 335 357 754 889 
602 : 9 309 378 727 842 
603 : 434 480 111 
604 : 606 738 962 
605 : 607 60 579 698 725 
606 : 607 604 448 727 
607 : 606 605 846 124 315 902 
608 : 222 587 539 
609 : 309 570 656 331 915 
610 : 611 494 
611 : 610 371 1000 740 249 782 977 
612 : 408 698 152 739 
613 : 615 969 
614 : 69 293 963 244 329 691 
615 : 613 793 806 124 
616 : 111 817 952 641 
617 : 742 793 
618 : 620 662 989 
619 : 427 382 839 856 111 477 
620 : 621 618 238 748 
621 : 620 277 986 928 227 9 
622 : 914 224 4 
623 : 65 701 298 878 
624 : 53 369 
625 : 627 301 748 202 782 
626 : 628 179 
627 : 625 317 435 119 225 572 706 
628 : 629 626 630 114 
629 : 628 631 21 914 458 553 567 
630 : 628 190 61 525 
631 : 629 633 959 287 
632 : 633 84 894 
633 : 632 634 631 253 687 
634 : 633 865 884 270 
635 : 958 534 851 863 
636 : 638 147 844 
637 : 140 151 488 975 536 790 710 
638 : 636 699 186 
639 : 383 315 870 
640 : 641 357 278 703 643 
641 : 640 498 123 616 145 663 942 
642 : 643 644 
643 : 642 644 28 640 987 
644 : 643 642 493 146 305 1 896 
645 : 419 168 738 
646 : 648 428 713 798 456 
647 : 77 479 877 
648 : 646 263 266 733 229 39 
649 : 315 892 401 
650 : 212 989 400 417 
651 : 652 142 734 391 269 
652 : 651 654 491 157 228 
653 : 909 859 900 735 
654 : 652 656 1 170 367 294 841 59 540 
655 : 656 657 
656 : 655 654 609 423 951 
657 : 655 374 67 
658 : 659 660 506 
659 : 658 991 968 
660 : 658 101 14 868 
661 : 735 847 456 704 
662 : 618 306 196 
663 : 664 275 641 
664 : 663 785 846 891 
665 : 310 346 695 882 997 140 417 527 
666 : 383 820 
667 : 12 243 798 906 
668 : 750 1000 
669 : 441 134 209 
670 : 785 298 
671 : 272 991 335 960 
672 : 673 913 150 497 
673 : 672 679 566 
674 : 675 308 
675 : 674 303 316 534 
676 : 935 170 
677 : 679 31 
678 : 178 310 
679 : 680 677 237 673 312 
680 : 679 39 108 19 
681 : 683 94 889 998 
682 : 228 75 542 
683 : 681 685 967 936 714 
684 : 80 837 808 415 541 48 
685 : 683 687 177 307 
686 : 478 361 769 404 693 
687 : 685 280 633 909 1000 
688 : 567 732 
689 : 690 952 
690 : 689 557 835 85 489 520 
691 : 420 512 46 614 
692 : 225 591 723 
693 : 694 686 57 
694 : 693 695 757 860 179 775 
695 : 694 665 471 
696 : 697 717 
697 : 696 698 428 22 
698 : 697 605 612 773 414 526 
699 : 433 638 105 449 879 
700 : 701 902 
701 : 700 623 366 255 742 
702 : 295 511 783 
703 : 295 640 458 
704 : 705 247 661 807 
705 : 704 707 254 436 
706 : 194 979 627 
707 : 705 926 877 
708 : 190 490 71 786 232 35 
709 : 711 571 755 311 
710 : 438 260 637 
711 : 712 709 169 334 353 
712 : 711 542 351 507 
713 : 646 812 
714 : 715 13 925 683 
715 : 714 717 799 
716 : 299 570 
717 : 715 146 696 99 
718 : 719 511 498 
719 : 718 979 405 423 
720 : 222 493 947 971 
721 : 469 777 352 
722 : 723 338 
723 : 722 724 725 692 
724 : 723 124 565 988 506 
725 : 723 217 605 
726 : 312 67 809 
727 : 729 419 602 606 
728 : 906 589 465 
729 : 727 129 379 955 289 
730 : 732 791 204 
731 : 862 164 
732 : 730 330 388 688 111 
733 : 402 648 916 954 
734 : 588 651 738 
735 : 661 918 653 475 
736 : 737 48 
737 : 736 738 232 455 278 
738 : 737 604 92 645 734 500 
739 : 741 548 236 612 766 
740 : 285 319 507 611 210 
741 : 739 803 747 216 291 445 
742 : 617 992 478 574 701 987 
743 : 745 417 
744 : 10 489 750 
745 : 743 747 121 174 
746 : 459 465 
747 : 745 741 841 
748 : 625 370 620 
749 : 750 751 
750 : 749 751 668 843 922 744 
751 : 750 752 749 813 
752 : 751 754 203 759 
753 : 755 544 842 
754 : 752 814 854 601 524 
755 : 753 256 709 778 
756 : 242 858 
757 : 44 694 987 381 967 
758 : 351 170 767 
759 : 187 752 910 
760 : 794 130 219 
761 : 763 578 584 34 
762 : 863 143 508 
763 : 761 887 848 305 
764 : 960 589 927 
765 : 766 440 40 113 273 797 
766 : 765 88 776 739 816 
767 : 768 758 100 
768 : 767 770 853 
769 : 771 686 
770 : 768 779 229 
771 : 769 306 279 
772 : 773 774 597 
773 : 772 698 587 427 52 969 
774 : 772 295 847 910 443 
775 : 777 373 694 
776 : 766 47 81 
777 : 775 721 318 316 
778 : 385 349 755 366 
779 : 770 541 936 
780 : 578 70 304 892 
781 : 546 323 
782 : 152 611 625 
783 : 866 852 891 702 793 
784 : 786 995 952 
785 : 786 664 670 195 
786 : 785 784 708 998 
787 : 789 598 415 801 
788 : 598 438 
789 : 787 471 838 354 
790 : 822 924 637 586 804 
791 : 793 730 61 276 
792 : 319 993 598 
793 : 791 615 987 617 783 
794 : 760 901 851 
795 : 797 30 470 915 
796 : 317 992 154 
797 : 795 799 817 765 
798 : 291 552 667 646 324 292 
799 : 797 801 715 96 236 465 
800 : 801 561 428 593 982 
801 : 800 799 787 950 338 585 
802 : 241 443 854 
803 : 141 741 816 991 123 932 866 
804 : 154 45 790 
805 : 299 817 984 
806 : 373 615 125 
807 : 597 704 
808 : 684 368 
809 : 402 726 
810 : 952 559 171 
811 : 425 561 
812 : 242 713 592 
813 : 815 239 572 979 390 501 751 
814 : 816 534 754 976 
815 : 813 817 158 103 159 
816 : 814 803 557 766 964 
817 : 815 797 805 616 518 
818 : 58 306 
819 : 821 946 823 581 
820 : 821 454 851 22 92 666 94 
821 : 820 822 819 823 266 89 990 
822 : 821 824 790 212 
823 : 821 260 819 424 107 
824 : 822 826 296 12 879 158 
825 : 826 302 325 380 
826 : 825 824 828 356 
827 : 135 571 887 
828 : 826 20 191 542 57 
829 : 831 117 204 961 981 
830 : 831 226 472 990 600 95 
831 : 830 829 230 21 550 
832 : 948 482 291 
833 : 835 163 
834 : 835 836 285 
835 : 834 833 690 58 450 
836 : 834 540 262 502 71 
837 : 839 585 684 210 
838 : 789 2 972 
839 : 837 841 100 217 619 
840 : 841 445 946 
841 : 840 839 654 579 747 969 
842 : 843 753 208 602 
843 : 842 750 528 77 
844 : 636 590 
845 : 349 976 
846 : 479 607 664 36 997 
847 : 390 774 661 163 
848 : 850 763 916 
849 : 851 480 870 
850 : 848 365 953 65 
851 : 849 213 219 435 820 78 794 635 
852 : 783 115 
853 : 768 130 442 
854 : 754 802 410 
855 : 868 128 172 
856 : 511 619 323 
857 : 859 526 
858 : 384 504 593 756 336 
859 : 857 377 481 653 488 917 
860 : 862 22 694 
861 : 878 212 
862 : 863 860 731 495 238 
863 : 862 864 762 635 995 
864 : 863 250 940 70 
865 : 545 634 192 211 
866 : 867 486 783 258 803 
867 : 866 996 238 212 
868 : 855 378 660 57 
869 : 870 964 527 
870 : 869 849 639 
871 : 873 408 905 
872 : 550 554 480 
873 : 874 871 875 907 
874 : 873 876 282 
875 : 876 873 172 593 967 
876 : 875 874 878 88 8 95 343 520 
877 : 184 210 647 707 972 
878 : 876 861 988 623 
879 : 824 569 699 
880 : 202 105 441 
881 : 197 366 36 
882 : 665 128 
883 : 470 86 
884 : 244 634 906 34 28 992 
885 : 584 983 
886 : 888 225 554 
887 : 41 599 763 975 240 827 294 
888 : 886 111 937 398 
889 : 681 364 601 
890 : 379 374 
891 : 893 783 98 664 
892 : 649 541 780 
893 : 894 891 235 919 
894 : 893 425 474 966 81 632 
895 : 318 195 410 
896 : 487 911 644 
897 : 950 502 
898 : 924 471 530 
899 : 900 203 
900 : 899 653 332 
901 : 794 566 434 913 
902 : 903 700 607 
903 : 902 904 336 
904 : 903 69 43 177 439 486 465 
905 : 456 522 871 
906 : 104 728 884 667 319 
907 : 873 129 376 
908 : 516 561 416 939 
909 : 910 145 360 653 247 687 
910 : 909 774 759 110 
911 : 265 353 896 326 433 
912 : 913 78 988 
913 : 912 672 901 
914 : 622 629 86 242 332 
915 : 161 539 241 135 303 609 795 
916 : 848 146 733 166 
917 : 919 370 859 
918 : 123 735 388 428 
919 : 917 192 475 204 893 67 
920 : 92 199 20 393 141 
921 : 922 37 
922 : 921 924 750 205 
923 : 924 968 221 943 
924 : 923 922 898 790 963 
925 : 476 714 176 560 573 
926 : 292 707 513 234 226 
927 : 26 969 201 764 
928 : 248 621 592 378 980 
929 : 347 61 88 109 959 
930 : 932 545 82 
931 : 932 933 395 
932 : 931 933 930 934 803 
933 : 932 931 935 325 
934 : 932 936 157 
935 : 933 485 676 54 449 216 
936 : 934 568 683 779 9 
937 : 888 484 233 466 
938 : 939 253 178 
939 : 938 426 410 908 
940 : 942 520 532 864 
941 : 396 378 137 54 
942 : 940 152 641 
943 : 944 89 923 527 
944 : 943 946 493 
945 : 140 249 
946 : 944 819 339 840 147 
947 : 221 978 720 
948 : 832 569 17 
949 : 253 318 210 
950 : 952 897 801 
951 : 474 656 
952 : 950 810 616 689 784 991 
953 : 850 169 
954 : 955 306 345 733 
955 : 954 729 264 413 975 
956 : 957 958 344 598 
957 : 956 522 259 980 
958 : 959 956 635 993 
959 : 958 300 445 631 24 929 
960 : 10 101 764 488 320 671 324 
961 : 34 829 586 563 
962 : 252 297 604 199 
963 : 180 614 561 584 924 143 
964 : 596 869 973 401 816 
965 : 966 580 
966 : 965 968 259 894 340 
967 : 968 576 683 418 757 875 
968 : 967 966 106 375 923 594 659 349 
969 : 613 927 841 773 
970 : 972 478 
971 : 60 720 
972 : 970 974 362 838 877 
973 : 191 531 964 193 
974 : 975 972 976 253 
975 : 974 637 887 456 955 
976 : 974 814 380 845 277 
977 : 978 611 
978 : 977 980 947 391 
979 : 706 719 813 313 144 354 532 
980 : 978 115 957 928 
981 : 983 829 
982 : 123 396 800 
983 : 984 981 365 452 885 137 
984 : 983 59 805 201 
985 : 198 552 213 
986 : 621 994 186 
987 : 793 757 55 149 742 643 
988 : 878 724 194 912 
989 : 650 618 460 
990 : 594 830 56 350 821 
991 : 450 512 659 671 803 148 952 
992 : 742 796 884 
993 : 178 792 268 370 958 358 
994 : 97 132 986 482 592 
995 : 996 784 863 
996 : 995 998 867 123 
997 : 665 846 561 
998 : 996 227 786 681 
999 : 1 284 235 
1000 : 1 257 341 611 668 687 
