0 : 97 8 30 33 
1 : 1 88 59 90 
2 : 0 89 52 90 60 37 56 
3 : 3 81 29 
4 : 2 41 45 21 13 55 
5 : 6 71 16 42 63 
6 : 7 49 
7 : 4 8 41 66 85 
8 : 5 11 64 59 75 80 
9 : 6 99 62 
10 : 98 28 55 31 73 
11 : 11 26 
12 : 10 7 51 96 19 
13 : 24 20 72
14 : 72 3 
15 : 34 58 27 70 
16 : 86 46 58 41 43 
17 : 4 83 75 28 
18 : 76 70 73 
19 : 86 32 
20 : 47 11 67 
21 : 22 66 12 46 
22 : 23 62 61 69 3 36 
23 : 20 46 25 88 23 34 
24 : 21 62 22 53 
25 : 26 12 79 
26 : 22 67 76 
27 : 24 48 10 64 
28 : 48 14 77 
29 : 9 54 63 16 
30 : 30 2 78 48 98 
31 : 29 67 36 37 47 99 42 58 
32 : 69 9 54 
33 : 62 50 78 18 88 
34 : 78 39 40 99 
35 : 14 74 22 44 
36 : 79 54 
37 : 30 87 21 60 
38 : 30 1 
39 : 54 84 
40 : 40 33 72 
41 : 39 71 33 
42 : 3 6 80 15 
43 : 98 30 4 74 
44 : 44 15 45 
45 : 43 62 95 34 85 
46 : 3 80 43 
47 : 22 15 20 
48 : 49 19 30 87 
49 : 49 26 27 29 
50 : 48 47 5 72 74 86 
51 : 32 65 
52 : 11 59 61 
53 : 1 98 74 
54 : 55 70 84 23 76 
55 : 38 28 31 35 71 
56 : 53 9 3 
57 : 97 59 1 
58 : 98 75 93 88 89 
59 : 97 14 15 30 
60 : 51 56 7 0 
61 : 89 1 36 61 
62 : 21 51 60 
63 : 64 21 23 32 44 91 8 65 88 
64 : 28 4 69 
65 : 62 66 7 26 
66 : 94 73 50 62 
67 : 64 20 6 74 
68 : 30 25 72 76 91 19 
69 : 69 75 
70 : 68 31 21 63 78 79 
71 : 53 17 14 
72 : 72 73 4 40 79 54 84 92 
73 : 71 13 49 67 39 12 
74 : 71 65 17 9 
75 : 34 49 52 66 42 
76 : 57 16 68 7 83 
77 : 17 67 25 53 
78 : 78 27 
79 : 77 33 32 29 69 
80 : 24 35 71 92 69 
81 : 41 45 7 94 
82 : 83 2 97 
83 : 83 84 96 
84 : 82 81 16 75 
85 : 82 53 38 71 
86 : 6 44 
87 : 88 15 18 93 49 
88 : 36 94 47 
89 : 86 22 0 32 57 62 
90 : 90 1 60 57 
91 : 89 1 0 
92 : 93 62 67 
93 : 79 71 
94 : 91 95 86 57 
95 : 65 87 80 
96 : 93 97 44 
97 : 98 82 11 
98 : 95 99 56 58 81 
99 : 96 9 42 57 52 29 
