0 : 99 20 31 58 14 25 
1 : 99 49 62 80 59 63 
2 : 37 70 27 9 
3 : 5 17 48 93 
4 : 49 50 69 42 58 96 
5 : 3 7 75 57 32 
6 : 26 63 71 
7 : 5 74 18 78 59 
8 : 9 10 19 23 
9 : 8 10 2 
10 : 9 8 79 72 76 90 71 50 91 
11 : 49 36 77 
12 : 23 16 30 
13 : 47 44 92 42 
14 : 54 0 17 66 
15 : 16 98 
16 : 15 56 74 12 30 60 
17 : 3 22 93 14 53 
18 : 7 32 83 66 76 
19 : 20 8 27 89 
20 : 19 0 78 91 94 22 
21 : 22 64 75 
22 : 21 17 83 30 20 
23 : 12 75 49 8 
24 : 67 34 
25 : 26 87 0 
26 : 25 6 35 52 33 
27 : 28 79 2 19 97 
28 : 27 29 65 83 
29 : 28 30 59 90 
30 : 29 22 56 16 12 
31 : 0 66 90 
32 : 18 5 
33 : 34 40 26 53 78 
34 : 33 96 24 43 
35 : 26 71 61 55 
36 : 79 11 66 40 
37 : 2 43 53 51 
38 : 47 43 45 
39 : 41 71 96 98 
40 : 33 95 36 
41 : 39 54 74 
42 : 44 80 54 4 13 
43 : 37 48 34 38 66 
44 : 42 13 66 46 
45 : 46 38 
46 : 45 66 44 
47 : 48 13 38 81 
48 : 47 50 43 3 
49 : 1 4 11 23 59 
50 : 48 4 10 
51 : 82 37 81 54 70 
52 : 26 95 72 
53 : 37 33 17 74 
54 : 14 41 42 51 
55 : 88 35 
56 : 58 16 30 80 86 
57 : 5 68 62 79 
58 : 59 56 82 0 4 
59 : 58 60 7 29 49 1 61 
60 : 59 74 16 
61 : 81 68 35 59 
62 : 1 80 57 
63 : 6 1 84 
64 : 21 78 
65 : 28 78 
66 : 46 31 18 36 43 44 14 
67 : 68 69 24 
68 : 67 61 57 92 
69 : 67 71 4 73 
70 : 2 51 
71 : 69 35 39 74 89 6 10 81 88 
72 : 10 52 
73 : 84 69 98 
74 : 7 60 71 16 41 53 
75 : 76 77 5 23 21 
76 : 75 10 18 
77 : 78 75 11 
78 : 77 20 7 64 65 33 
79 : 10 36 27 57 
80 : 42 62 1 56 
81 : 83 61 85 47 51 71 
82 : 51 58 88 99 
83 : 81 85 22 18 28 
84 : 85 73 63 87 
85 : 84 86 83 87 81 
86 : 85 87 56 
87 : 86 85 25 84 
88 : 55 82 71 
89 : 71 19 
90 : 10 31 29 
91 : 20 10 
92 : 94 13 68 
93 : 17 3 
94 : 95 92 96 20 
95 : 94 97 40 52 
96 : 94 34 39 4 
97 : 98 95 27 
98 : 97 39 15 73 
99 : 0 1 82 
