0 : 97 30 37 
1 : 95 31 90 30 
2 : 52 4 75 
3 : 3 4 71 81 
4 : 2 5 70 56 60 
5 : 2 17 35 39 73 89 1 15 58 83 
6 : 3 79 84 
7 : 36 63 10 
8 : 9 47 58 11 18 20 
9 : 10 51 76 17 
10 : 7 31 13 40 54 
11 : 8 53 91 6 
12 : 76 55 7 46 79 88 
13 : 69 83 60 
14 : 9 37 
15 : 15 16 33 
16 : 14 16 4 81 
17 : 15 14 63 84 
18 : 4 20 8 19 63 78 
19 : 88 27 37 7 82 
20 : 43 17 
21 : 21 17 57 7 74 
22 : 20 25 91 27 
23 : 39 48 57 42 
24 : 27 59 88 
25 : 33 90 
26 : 21 95 87 
27 : 28 37 
28 : 23 18 84 95 21 39 50 
29 : 29 26 30 76 
30 : 28 79 67 89 
31 : 28 32 79 99 0 44 
32 : 9 0 68 71 87 
33 : 30 73 94 
34 : 34 24 47 14 
35 : 33 36 57 79 88 
36 : 37 4 
37 : 34 6 75 87 59 
38 : 35 26 18 13 75 99 
39 : 40 71 48 
40 : 22 4 54 27 
41 : 38 42 53 41 9 
42 : 43 40 72 92 
43 : 40 45 66 22 
44 : 41 45 19 51 87 86 
45 : 74 30 
46 : 43 47 42 74 
47 : 88 11 
48 : 45 7 33 61 
49 : 22 38 
50 : 59 67 87 
51 : 51 27 
52 : 50 8 43 74 64 89 67 
53 : 53 1 82 78 55 
54 : 52 54 10 40 96 93 
55 : 53 39 9 
56 : 11 52 
57 : 3 94 
58 : 59 34 20 85 22 
59 : 7 70 4 
60 : 57 49 23 62 36 69 73 
61 : 3 81 12 80 91 
62 : 62 77 97 47 94 96 
63 : 61 64 59 
64 : 16 92 6 17 
65 : 62 66 51 
66 : 66 86 80 
67 : 65 64 68 42 95 
68 : 49 29 51 
69 : 66 31 94 
70 : 12 96 59 
71 : 3 58 84 
72 : 38 31 2 
73 : 41 86 
74 : 32 4 59 
75 : 44 45 51 86 20 
76 : 36 91 98 37 1 
77 : 11 8 92 28 
78 : 79 61 
79 : 83 52 17 
80 : 77 5 29 30 34 11 98 
81 : 91 96 60 65 88 
82 : 60 15 2 
83 : 52 18 
84 : 78 12 4 
85 : 86 27 5 16 70 
86 : 87 57 
87 : 84 74 65 72 43 
88 : 85 89 43 25 31 36 49 94 
89 : 18 46 34 23 80 11 
90 : 87 4 51 29 
91 : 92 0 24 
92 : 75 80 10 21 60 
93 : 90 63 76 41 
94 : 94 53 
95 : 93 95 32 56 61 68 87 
96 : 94 0 25 27 66 
97 : 69 80 53 61 
98 : 99 61 
99 : 75 79 
