1 : 748 823 77 
2 : 123 357 
3 : 466 952 
4 : 234 418 15 547 
5 : 802 787 831 19 314 
6 : 884 116 195 137 494 
7 : 8 918 
8 : 7 614 377 530 942 
9 : 228 543 197 
10 : 843 342 658 758 662 
11 : 13 870 643 
12 : 807 817 487 
13 : 14 11 15 206 
14 : 13 782 857 336 
15 : 13 497 29 4 295 
16 : 18 804 463 
17 : 194 933 
18 : 16 109 645 498 
19 : 20 5 326 
20 : 19 234 890 
21 : 868 723 591 
22 : 24 33 231 
23 : 25 434 215 309 779 
24 : 22 352 509 166 
25 : 23 940 369 627 845 88 420 470 528 
26 : 626 734 648 387 658 
27 : 28 117 630 97 
28 : 27 930 230 189 613 
29 : 15 608 37 
30 : 459 760 573 
31 : 638 238 441 
32 : 33 449 500 737 896 
33 : 32 22 361 431 272 
34 : 35 131 155 
35 : 34 717 478 306 
36 : 551 695 415 601 
37 : 39 866 29 981 
38 : 861 628 502 
39 : 37 266 355 
40 : 661 977 438 951 
41 : 43 699 765 198 
42 : 395 333 521 
43 : 41 45 338 291 895 60 69 685 855 985 
44 : 237 609 710 
45 : 43 265 468 86 224 385 
46 : 47 736 74 246 
47 : 46 48 632 968 
48 : 47 177 137 350 508 
49 : 111 85 513 576 245 
50 : 52 545 172 479 679 
51 : 52 783 528 112 178 
52 : 51 50 978 921 
53 : 863 235 129 921 
54 : 701 317 
55 : 269 316 689 907 
56 : 58 933 85 
57 : 110 954 435 
58 : 56 165 670 296 
59 : 61 699 164 
60 : 419 43 
61 : 59 469 508 565 
62 : 139 796 924 100 190 991 
63 : 171 652 936 923 
64 : 989 128 577 
65 : 66 256 992 726 987 
66 : 65 68 635 975 906 
67 : 118 429 
68 : 66 94 720 
69 : 308 43 
70 : 326 681 287 
71 : 72 975 
72 : 71 116 777 
73 : 74 87 77 654 
74 : 73 312 415 46 881 
75 : 77 215 291 
76 : 78 460 444 704 
77 : 78 75 441 587 1 73 620 
78 : 77 79 76 939 
79 : 78 701 501 330 589 
80 : 82 697 539 254 
81 : 82 302 
82 : 81 80 263 314 421 
83 : 84 879 
84 : 83 85 496 
85 : 84 49 56 
86 : 194 45 678 668 
87 : 88 164 250 73 547 208 
88 : 87 606 557 25 93 
89 : 105 745 473 
90 : 91 924 340 876 
91 : 90 92 709 598 
92 : 91 127 922 478 
93 : 95 784 88 932 
94 : 68 853 337 755 
95 : 96 93 231 986 121 268 
96 : 95 97 167 467 463 838 
97 : 96 98 27 
98 : 97 348 148 251 883 
99 : 856 651 211 525 689 
100 : 238 62 504 
101 : 102 103 280 488 915 
102 : 101 678 394 729 843 128 
103 : 101 166 618 
104 : 597 860 
105 : 89 167 743 
106 : 885 710 
107 : 108 736 508 278 498 550 
108 : 107 110 373 342 
109 : 18 878 979 
110 : 111 108 112 57 973 
111 : 110 112 49 416 
112 : 111 110 149 507 894 940 51 301 
113 : 115 430 
114 : 115 822 392 
115 : 114 113 769 680 650 
116 : 118 72 6 669 480 
117 : 27 123 251 
118 : 116 67 416 400 582 904 991 968 
119 : 995 523 164 
120 : 121 440 875 
121 : 120 122 95 955 
122 : 121 124 273 578 135 
123 : 125 2 424 117 564 
124 : 122 771 370 
125 : 123 127 478 466 
126 : 156 133 461 
127 : 128 125 129 92 773 266 
128 : 127 64 102 603 209 
129 : 127 789 53 963 
130 : 474 923 138 
131 : 34 644 896 925 
132 : 133 251 
133 : 132 126 505 720 
134 : 948 181 
135 : 873 445 461 552 847 122 
136 : 137 138 235 986 455 
137 : 136 820 383 883 6 48 622 297 
138 : 139 136 130 162 
139 : 138 62 272 786 311 
140 : 484 274 
141 : 143 820 
142 : 143 144 317 273 
143 : 142 141 198 744 
144 : 145 142 741 
145 : 144 146 147 434 959 
146 : 145 260 557 412 806 
147 : 145 256 776 512 644 
148 : 150 98 453 232 319 364 
149 : 150 112 536 229 240 
150 : 149 148 458 155 511 889 
151 : 623 845 901 922 
152 : 153 972 361 
153 : 152 200 583 638 
154 : 317 890 
155 : 150 34 946 
156 : 126 966 770 
157 : 159 882 606 884 482 
158 : 744 633 527 
159 : 157 358 999 624 244 549 
160 : 161 387 
161 : 160 916 580 672 763 
162 : 572 138 581 
163 : 164 640 537 332 882 
164 : 163 87 119 59 441 
165 : 167 58 610 341 
166 : 168 103 965 24 785 
167 : 165 169 105 96 
168 : 169 166 306 
169 : 168 167 171 622 274 688 
170 : 172 468 
171 : 172 169 173 63 
172 : 171 170 50 185 582 801 
173 : 171 538 596 678 
174 : 798 599 799 827 355 
175 : 176 279 849 912 
176 : 175 817 187 967 549 930 936 
177 : 179 48 964 413 534 566 
178 : 968 51 708 
179 : 177 740 731 
180 : 632 519 
181 : 918 134 768 464 928 
182 : 183 352 
183 : 182 616 759 386 452 
184 : 515 891 364 
185 : 172 214 
186 : 803 265 477 836 846 677 
187 : 176 788 547 
188 : 189 665 867 275 
189 : 188 406 28 206 
190 : 968 549 62 739 
191 : 193 450 
192 : 219 833 298 
193 : 194 191 740 
194 : 193 17 86 658 484 613 694 723 
195 : 6 537 467 558 
196 : 636 612 834 
197 : 303 297 9 601 
198 : 199 143 450 41 
199 : 198 816 766 852 521 442 774 
200 : 153 916 214 
201 : 987 686 541 
202 : 562 495 511 
203 : 205 461 
204 : 354 320 900 
205 : 206 203 282 519 257 308 650 
206 : 205 13 989 189 831 998 
207 : 793 385 
208 : 242 87 626 
209 : 393 128 637 
210 : 211 468 372 
211 : 210 213 889 240 99 
212 : 421 816 442 
213 : 211 631 452 646 254 
214 : 215 185 200 786 457 517 
215 : 214 75 393 263 23 
216 : 217 928 759 
217 : 216 218 219 656 
218 : 217 591 308 
219 : 220 217 192 385 635 
220 : 219 222 693 252 481 
221 : 849 634 538 994 
222 : 220 461 271 792 965 
223 : 749 263 
224 : 225 45 553 
225 : 224 226 888 913 
226 : 225 598 535 656 
227 : 229 600 374 
228 : 230 9 978 707 
229 : 230 227 829 961 149 977 281 
230 : 229 228 28 829 
231 : 95 559 22 469 
232 : 921 148 
233 : 286 573 
234 : 4 20 307 706 956 
235 : 136 767 53 456 671 
236 : 599 309 
237 : 239 44 735 300 
238 : 100 31 615 606 500 509 
239 : 237 241 806 
240 : 211 149 
241 : 242 239 243 
242 : 241 243 208 859 861 262 
243 : 242 244 241 481 
244 : 243 245 818 825 903 159 
245 : 244 408 49 661 
246 : 247 631 879 46 562 
247 : 246 482 403 905 
248 : 250 547 
249 : 504 631 340 
250 : 248 252 87 315 616 623 
251 : 733 962 98 132 117 
252 : 250 220 259 868 
253 : 728 905 339 612 
254 : 819 213 80 
255 : 280 612 571 
256 : 147 65 505 
257 : 258 205 838 809 
258 : 257 259 260 
259 : 258 260 916 252 973 
260 : 259 261 258 146 897 324 
261 : 260 262 618 532 
262 : 261 263 381 584 242 325 795 
263 : 262 82 215 223 786 
264 : 265 270 
265 : 264 45 186 467 
266 : 267 39 127 737 
267 : 266 269 536 425 
268 : 269 814 95 
269 : 268 267 55 422 346 
270 : 271 264 455 783 
271 : 270 222 498 721 
272 : 139 317 33 585 633 
273 : 122 874 359 545 764 142 
274 : 275 140 169 592 
275 : 274 426 188 975 307 712 
276 : 960 819 804 
277 : 651 614 482 
278 : 279 107 890 
279 : 278 175 601 839 
280 : 281 255 662 101 727 
281 : 280 650 229 354 510 716 912 
282 : 205 715 568 
283 : 409 988 829 
284 : 749 995 588 
285 : 286 917 
286 : 285 233 915 855 
287 : 587 951 70 
288 : 722 522 673 487 
289 : 745 810 879 
290 : 292 523 921 461 
291 : 43 562 987 75 368 384 
292 : 290 601 884 
293 : 294 333 641 670 797 
294 : 293 296 438 
295 : 629 15 780 298 
296 : 294 610 58 652 
297 : 197 423 137 
298 : 299 414 192 295 570 
299 : 298 301 715 732 849 
300 : 237 979 
301 : 299 445 112 418 862 
302 : 303 537 81 989 
303 : 302 305 197 983 470 
304 : 306 812 762 335 611 878 
305 : 303 591 365 491 
306 : 307 304 712 168 35 788 
307 : 306 234 559 685 275 978 
308 : 309 69 396 218 205 
309 : 308 606 236 23 
310 : 612 609 590 
311 : 710 554 139 835 
312 : 74 525 624 
313 : 427 702 708 768 
314 : 315 332 82 5 
315 : 314 833 354 250 370 
316 : 55 785 945 
317 : 154 272 142 54 720 957 
318 : 838 974 593 664 
319 : 323 969 148 
320 : 322 204 726 880 352 595 
321 : 706 636 885 
322 : 320 587 942 429 
323 : 319 686 769 524 
324 : 329 900 260 
325 : 452 663 262 895 
326 : 327 70 19 463 
327 : 326 329 416 
328 : 329 330 
329 : 328 327 324 469 624 759 
330 : 328 689 79 766 
331 : 831 390 
332 : 314 163 
333 : 293 890 42 703 
334 : 536 892 608 842 
335 : 715 304 369 902 
336 : 888 14 
337 : 339 818 94 802 
338 : 339 43 862 405 772 
339 : 338 337 658 442 253 
340 : 905 705 90 249 392 726 735 
341 : 527 165 
342 : 10 595 984 108 347 924 
343 : 344 361 991 
344 : 343 534 761 798 
345 : 529 775 
346 : 348 526 690 269 741 
347 : 903 342 947 
348 : 346 350 98 425 
349 : 350 351 
350 : 349 348 852 748 48 
351 : 349 834 889 938 
352 : 24 853 182 320 
353 : 355 870 386 761 
354 : 204 315 281 789 865 
355 : 356 353 780 39 174 
356 : 355 358 766 531 938 
357 : 585 2 924 
358 : 356 159 621 933 585 
359 : 361 273 884 
360 : 471 743 417 825 
361 : 359 33 343 152 940 
362 : 363 450 
363 : 362 609 870 
364 : 944 368 454 184 148 
365 : 366 305 564 477 743 
366 : 365 882 581 727 475 527 
367 : 440 488 
368 : 364 600 291 
369 : 25 335 583 824 
370 : 933 124 315 
371 : 372 417 
372 : 371 496 611 210 777 
373 : 108 988 486 699 
374 : 227 652 
375 : 485 520 667 431 625 
376 : 378 829 635 
377 : 379 8 
378 : 376 961 527 673 
379 : 377 533 716 519 767 
380 : 822 409 457 919 808 
381 : 262 794 758 971 
382 : 892 769 
383 : 137 793 545 
384 : 854 291 651 679 
385 : 219 207 45 817 
386 : 388 353 183 885 
387 : 881 160 26 
388 : 386 796 576 
389 : 862 713 691 632 
390 : 868 331 787 554 
391 : 392 746 715 
392 : 391 938 668 114 340 
393 : 394 395 209 215 
394 : 393 396 102 
395 : 396 393 42 616 584 
396 : 395 394 308 778 849 
397 : 398 412 843 
398 : 397 771 641 989 
399 : 400 621 661 857 643 
400 : 399 118 635 
401 : 789 449 
402 : 404 583 
403 : 247 922 695 786 
404 : 402 558 461 602 
405 : 865 462 338 
406 : 407 189 463 569 666 
407 : 406 408 737 513 
408 : 407 245 881 758 894 
409 : 283 380 915 698 972 
410 : 980 869 917 
411 : 412 886 535 851 
412 : 411 397 146 872 
413 : 177 733 841 512 431 
414 : 416 298 591 
415 : 74 866 36 
416 : 414 118 327 647 710 111 591 437 
417 : 418 371 360 742 
418 : 417 4 301 
419 : 420 60 729 
420 : 419 489 586 25 826 
421 : 212 844 82 
422 : 269 595 605 453 
423 : 297 738 804 
424 : 426 123 866 944 
425 : 348 561 985 267 
426 : 424 428 275 802 
427 : 429 313 520 
428 : 426 971 682 679 
429 : 427 515 67 322 982 
430 : 113 519 456 
431 : 33 375 413 
432 : 943 757 435 815 
433 : 435 715 857 
434 : 23 703 145 
435 : 433 949 57 432 
436 : 632 822 
437 : 438 416 
438 : 437 294 948 40 
439 : 756 963 467 
440 : 367 544 120 655 
441 : 77 541 31 164 
442 : 339 212 199 
443 : 605 512 700 
444 : 446 76 
445 : 301 135 733 
446 : 444 657 688 586 
447 : 449 959 
448 : 449 926 979 
449 : 448 447 32 920 401 585 935 
450 : 191 198 362 624 
451 : 452 467 466 
452 : 451 325 213 183 
453 : 148 422 
454 : 456 364 680 
455 : 831 270 136 648 724 
456 : 454 458 859 235 430 
457 : 380 214 717 977 
458 : 456 150 578 730 
459 : 30 704 777 
460 : 76 968 687 
461 : 203 222 135 126 404 290 
462 : 405 573 778 
463 : 406 956 96 326 16 619 
464 : 636 968 181 
465 : 818 686 
466 : 3 125 451 
467 : 96 265 439 451 195 697 
468 : 170 45 918 210 783 
469 : 470 61 329 231 518 718 760 
470 : 469 303 25 520 
471 : 473 360 700 
472 : 651 822 
473 : 471 643 89 
474 : 130 879 478 789 957 746 
475 : 476 366 803 
476 : 475 477 478 
477 : 476 186 365 
478 : 476 125 474 35 92 
479 : 481 50 
480 : 702 116 
481 : 479 680 980 243 220 
482 : 247 630 277 157 
483 : 484 674 
484 : 483 140 194 736 
485 : 486 375 821 588 860 
486 : 485 373 753 995 
487 : 663 837 908 12 288 
488 : 851 367 101 682 
489 : 420 814 854 618 667 696 
490 : 612 593 
491 : 492 950 974 305 
492 : 491 729 696 
493 : 925 734 
494 : 512 6 526 
495 : 497 202 525 694 
496 : 372 680 84 515 
497 : 495 499 15 603 538 752 999 
498 : 585 18 271 107 
499 : 497 501 589 886 
500 : 32 735 238 
501 : 499 79 911 756 
502 : 887 38 
503 : 998 937 592 
504 : 249 744 100 
505 : 133 256 529 
506 : 507 698 693 
507 : 506 112 585 
508 : 61 769 107 48 
509 : 24 238 624 
510 : 717 281 756 
511 : 150 202 568 676 843 
512 : 513 494 803 413 443 147 599 665 749 
513 : 512 49 407 
514 : 526 708 
515 : 184 429 973 496 885 
516 : 517 823 
517 : 516 798 214 
518 : 881 469 
519 : 521 430 205 860 180 379 
520 : 427 375 470 
521 : 519 666 199 42 839 
522 : 288 868 812 967 
523 : 290 119 651 
524 : 847 323 
525 : 312 495 99 
526 : 346 514 765 617 494 
527 : 528 341 158 378 366 615 719 
528 : 527 529 51 25 617 
529 : 528 530 345 807 505 915 
530 : 529 668 8 863 609 
531 : 533 356 676 
532 : 703 629 261 906 
533 : 534 531 535 379 
534 : 533 535 344 177 
535 : 534 533 888 226 411 637 
536 : 267 334 149 749 771 
537 : 302 638 163 195 682 769 900 
538 : 173 497 550 815 221 584 638 
539 : 80 697 776 
540 : 541 779 
541 : 540 441 201 787 
542 : 706 856 
543 : 9 623 898 987 
544 : 545 546 440 774 551 793 
545 : 544 50 273 383 688 
546 : 544 850 566 617 
547 : 248 777 643 666 87 187 4 576 
548 : 595 683 808 
549 : 190 176 159 
550 : 538 994 107 
551 : 36 783 544 763 
552 : 135 828 
553 : 554 624 224 
554 : 553 311 390 
555 : 556 775 
556 : 555 557 973 699 
557 : 556 88 146 602 782 
558 : 559 404 195 
559 : 558 561 307 231 
560 : 561 809 766 736 
561 : 560 562 559 425 775 
562 : 561 202 291 760 246 
563 : 565 902 635 
564 : 680 932 365 123 710 
565 : 566 563 61 808 926 
566 : 565 546 177 
567 : 978 930 
568 : 570 818 876 282 511 
569 : 571 845 406 752 
570 : 568 624 298 
571 : 572 569 948 255 
572 : 571 574 162 907 973 
573 : 462 233 30 
574 : 575 572 691 
575 : 574 832 817 
576 : 577 597 49 388 547 840 
577 : 576 578 64 936 580 974 
578 : 577 458 122 890 
579 : 661 634 
580 : 161 602 577 913 
581 : 366 162 
582 : 584 118 172 
583 : 402 153 369 
584 : 582 262 395 538 702 960 
585 : 586 357 498 272 358 449 507 804 864 
586 : 585 588 420 446 
587 : 287 322 77 924 
588 : 586 967 485 284 
589 : 499 855 79 
590 : 892 310 
591 : 218 305 950 21 416 414 
592 : 593 906 503 274 
593 : 592 594 490 318 
594 : 593 596 927 
595 : 422 548 342 971 320 
596 : 594 173 738 874 
597 : 104 576 797 751 889 
598 : 600 226 810 91 887 
599 : 236 174 512 
600 : 598 227 368 912 
601 : 292 279 197 36 
602 : 580 557 404 
603 : 497 938 128 992 
604 : 606 762 772 
605 : 606 443 422 778 984 
606 : 605 604 608 88 309 157 238 
607 : 767 624 
608 : 606 29 334 717 690 818 
609 : 363 44 310 530 
610 : 612 165 296 860 
611 : 372 304 958 
612 : 610 310 490 196 255 253 
613 : 194 28 
614 : 8 277 917 
615 : 238 527 
616 : 183 395 250 
617 : 526 546 528 
618 : 261 103 489 859 
619 : 652 711 463 
620 : 861 77 
621 : 358 399 805 903 
622 : 624 169 782 751 137 
623 : 151 543 250 
624 : 622 570 553 159 312 329 450 607 509 
625 : 915 375 911 
626 : 627 26 208 
627 : 626 25 824 670 757 
628 : 898 38 990 
629 : 295 532 865 
630 : 632 482 647 868 27 684 
631 : 633 213 246 249 
632 : 630 180 436 47 389 
633 : 631 158 272 
634 : 635 221 579 948 
635 : 634 66 376 219 400 563 
636 : 638 196 464 321 803 
637 : 638 535 209 
638 : 637 636 31 537 724 827 153 538 
639 : 719 742 856 908 
640 : 163 910 917 
641 : 293 398 984 
642 : 819 977 
643 : 473 547 399 11 
644 : 131 982 147 
645 : 18 997 952 
646 : 213 810 
647 : 648 416 630 847 
648 : 647 649 26 455 828 841 
649 : 648 650 651 
650 : 649 281 747 115 205 
651 : 649 277 472 99 523 384 
652 : 619 63 374 296 
653 : 695 917 
654 : 872 73 983 
655 : 656 810 440 792 945 
656 : 655 217 226 
657 : 659 446 944 
658 : 194 339 10 26 
659 : 657 661 712 722 
660 : 970 952 
661 : 659 40 579 399 674 245 
662 : 280 10 696 
663 : 487 325 881 
664 : 932 318 
665 : 188 512 
666 : 521 547 776 406 
667 : 375 830 489 
668 : 530 392 86 
669 : 671 116 934 
670 : 770 58 293 627 
671 : 669 877 235 
672 : 161 999 746 
673 : 674 288 378 
674 : 673 661 839 483 700 
675 : 714 718 705 
676 : 531 511 
677 : 678 694 186 
678 : 677 680 102 757 86 173 
679 : 50 428 384 
680 : 678 481 496 564 115 454 852 
681 : 682 851 70 839 847 
682 : 681 428 537 488 
683 : 685 548 
684 : 685 630 
685 : 684 683 307 43 
686 : 688 323 201 465 
687 : 688 689 460 953 
688 : 687 686 446 545 169 
689 : 687 330 55 99 
690 : 346 608 
691 : 693 740 389 574 
692 : 802 708 
693 : 694 691 220 506 992 720 
694 : 693 677 960 194 495 
695 : 696 653 755 36 403 781 
696 : 695 988 492 662 489 808 
697 : 80 539 467 
698 : 506 409 
699 : 41 59 853 373 556 
700 : 701 471 674 443 
701 : 700 702 703 54 79 
702 : 701 480 313 853 584 907 
703 : 704 701 434 532 333 824 925 
704 : 703 705 459 743 76 
705 : 704 340 675 
706 : 707 321 542 234 844 
707 : 706 228 838 936 
708 : 779 313 514 692 178 
709 : 711 91 
710 : 311 416 44 106 564 
711 : 709 619 754 
712 : 659 306 275 
713 : 389 720 981 
714 : 715 675 788 
715 : 714 717 299 335 433 282 391 
716 : 379 281 
717 : 718 715 35 510 806 608 457 
718 : 717 719 675 469 
719 : 718 639 858 527 
720 : 713 68 133 317 693 919 
721 : 963 271 
722 : 724 288 659 784 
723 : 21 194 905 
724 : 722 638 455 
725 : 726 972 850 
726 : 725 320 65 340 
727 : 366 744 902 280 
728 : 253 926 917 
729 : 731 492 102 419 
730 : 731 458 807 
731 : 730 729 952 179 770 880 
732 : 734 299 
733 : 251 413 445 764 
734 : 732 736 26 493 
735 : 237 500 340 
736 : 734 107 46 484 560 
737 : 32 407 266 
738 : 740 423 596 
739 : 743 190 
740 : 741 738 179 691 193 909 
741 : 740 742 144 346 961 
742 : 741 639 417 
743 : 739 704 105 360 365 
744 : 746 158 504 727 976 143 
745 : 746 289 89 936 
746 : 745 744 391 474 672 780 
747 : 650 866 801 981 
748 : 750 1 350 
749 : 223 284 536 929 512 775 
750 : 748 933 824 
751 : 622 597 999 
752 : 497 569 
753 : 486 902 813 
754 : 755 756 711 
755 : 754 695 94 
756 : 757 754 439 501 510 858 
757 : 756 678 772 432 627 943 
758 : 10 381 408 854 
759 : 183 216 329 846 
760 : 562 897 30 469 829 
761 : 763 353 344 
762 : 604 304 849 927 
763 : 761 915 161 551 
764 : 766 273 733 
765 : 526 41 903 
766 : 764 768 356 199 330 560 
767 : 607 235 812 977 379 
768 : 769 766 181 313 
769 : 768 115 508 870 323 382 537 
770 : 670 781 156 731 797 
771 : 773 124 398 795 536 
772 : 757 604 338 
773 : 771 775 127 939 
774 : 544 199 
775 : 773 810 345 555 561 749 
776 : 666 147 539 869 
777 : 778 547 72 459 372 
778 : 777 396 462 605 957 835 1000 
779 : 780 708 540 23 
780 : 779 355 295 746 
781 : 783 770 922 899 695 
782 : 783 14 622 557 
783 : 782 781 551 51 468 270 
784 : 786 93 722 901 822 
785 : 316 166 986 995 
786 : 784 139 214 263 403 
787 : 5 390 541 920 
788 : 187 955 714 306 
789 : 129 401 474 354 
790 : 792 983 
791 : 918 819 964 
792 : 790 222 655 811 820 
793 : 207 383 544 
794 : 796 381 
795 : 771 901 262 
796 : 794 388 62 917 
797 : 597 770 293 
798 : 799 174 517 942 344 
799 : 798 801 174 
800 : 802 864 
801 : 799 747 172 
802 : 800 5 426 692 819 337 
803 : 186 512 475 636 845 
804 : 805 16 276 423 585 951 
805 : 804 621 873 
806 : 239 717 146 
807 : 809 12 529 730 
808 : 809 834 380 548 565 696 
809 : 808 807 560 257 898 
810 : 812 598 775 655 289 646 992 
811 : 812 792 947 
812 : 811 810 304 767 522 
813 : 978 828 753 
814 : 489 268 1000 949 
815 : 538 432 
816 : 199 212 986 
817 : 176 12 575 385 
818 : 337 465 568 244 608 
819 : 254 642 802 276 887 791 896 
820 : 137 141 909 792 
821 : 823 485 
822 : 380 114 436 472 784 
823 : 821 825 1 877 516 
824 : 986 627 703 750 369 
825 : 823 244 360 
826 : 827 865 420 
827 : 826 829 638 174 
828 : 813 552 648 
829 : 827 376 229 230 283 760 
830 : 667 914 900 850 
831 : 833 331 455 5 930 206 
832 : 833 834 575 
833 : 832 831 835 315 192 
834 : 832 836 351 808 196 
835 : 836 833 311 778 
836 : 835 834 838 186 
837 : 839 487 
838 : 836 318 707 912 257 96 
839 : 837 674 279 681 521 
840 : 841 576 
841 : 840 413 648 
842 : 901 334 
843 : 10 102 397 511 
844 : 845 846 421 706 
845 : 844 569 25 952 151 803 
846 : 847 844 186 759 
847 : 846 524 135 647 681 
848 : 850 914 954 
849 : 221 175 396 762 299 
850 : 851 848 546 725 830 
851 : 850 488 681 411 897 
852 : 350 199 680 
853 : 855 94 352 699 702 864 881 
854 : 384 877 489 758 862 
855 : 856 853 589 286 43 
856 : 855 857 99 542 639 913 
857 : 856 399 14 433 
858 : 859 719 756 
859 : 858 456 242 618 
860 : 610 519 104 485 
861 : 863 38 620 242 873 
862 : 389 974 338 854 301 
863 : 864 861 53 530 887 
864 : 863 800 853 585 
865 : 405 826 629 354 
866 : 868 37 424 747 415 965 
867 : 869 188 
868 : 866 21 390 630 935 522 252 
869 : 867 410 776 895 
870 : 872 11 353 769 363 
871 : 872 873 
872 : 871 873 870 654 412 
873 : 872 871 135 942 805 861 
874 : 273 945 596 
875 : 876 120 
876 : 875 568 90 
877 : 671 854 823 977 
878 : 879 109 304 
879 : 878 474 246 83 289 
880 : 320 731 976 
881 : 387 408 518 853 663 74 
882 : 157 366 895 163 
883 : 137 98 
884 : 6 157 292 359 
885 : 886 106 321 515 386 969 
886 : 885 411 499 
887 : 502 819 863 598 
888 : 890 336 535 225 
889 : 211 351 150 597 
890 : 888 333 20 154 578 278 899 
891 : 893 184 993 
892 : 382 590 334 958 948 
893 : 894 891 895 
894 : 893 112 408 
895 : 893 897 882 43 325 869 
896 : 898 131 32 819 
897 : 895 760 260 851 
898 : 896 628 543 809 
899 : 781 890 
900 : 324 204 830 537 
901 : 795 842 784 151 
902 : 563 727 753 335 
903 : 905 347 244 621 765 
904 : 118 984 923 933 
905 : 903 340 951 247 253 723 
906 : 592 532 66 
907 : 908 572 55 702 
908 : 907 487 639 
909 : 910 911 820 740 
910 : 909 911 912 640 
911 : 910 909 501 625 
912 : 910 838 175 600 281 
913 : 922 225 856 580 
914 : 916 848 830 
915 : 916 286 625 763 409 529 101 
916 : 915 914 918 161 200 259 
917 : 934 285 410 614 653 728 796 640 
918 : 916 920 181 791 468 7 
919 : 380 720 
920 : 918 922 449 787 
921 : 232 290 52 53 
922 : 920 781 913 403 92 151 
923 : 924 63 130 904 
924 : 923 90 62 357 587 342 
925 : 926 493 131 703 
926 : 925 728 448 565 
927 : 928 594 762 966 
928 : 927 216 181 
929 : 749 936 
930 : 28 831 947 981 567 176 
931 : 932 937 
932 : 931 664 564 93 979 
933 : 56 370 750 358 17 904 
934 : 935 917 995 669 
935 : 934 868 449 
936 : 63 577 707 745 929 176 
937 : 503 931 950 
938 : 939 392 603 351 356 
939 : 938 941 773 78 
940 : 25 112 361 
941 : 942 939 945 
942 : 941 873 798 322 8 
943 : 944 432 757 
944 : 943 945 364 657 424 
945 : 944 946 874 316 941 655 
946 : 945 979 155 986 
947 : 930 811 347 
948 : 134 438 571 634 892 
949 : 950 951 435 998 814 
950 : 949 591 491 937 984 
951 : 949 905 287 804 40 
952 : 731 845 3 660 645 
953 : 954 687 
954 : 953 57 848 
955 : 788 121 
956 : 463 234 
957 : 474 778 317 
958 : 959 892 611 
959 : 958 960 447 145 
960 : 959 276 694 584 
961 : 378 229 741 
962 : 964 251 
963 : 721 439 129 
964 : 965 962 177 791 
965 : 964 966 166 997 222 866 
966 : 965 967 156 927 
967 : 966 588 176 522 
968 : 178 190 460 464 47 118 
969 : 319 885 
970 : 971 972 660 
971 : 970 428 595 381 
972 : 970 725 152 409 
973 : 515 110 259 556 572 
974 : 862 491 318 577 
975 : 977 66 71 275 
976 : 744 880 
977 : 975 767 40 229 642 877 457 
978 : 979 52 228 567 813 307 
979 : 978 980 946 109 300 448 932 
980 : 979 410 481 996 
981 : 930 713 747 37 
982 : 644 429 996 
983 : 984 303 790 654 
984 : 983 342 641 904 950 605 
985 : 425 43 
986 : 824 136 95 816 946 785 
987 : 201 291 543 65 
988 : 990 373 696 283 
989 : 64 206 302 398 
990 : 991 988 992 628 
991 : 990 992 118 343 62 
992 : 991 990 65 603 693 810 
993 : 994 891 
994 : 993 550 221 
995 : 119 934 284 486 785 
996 : 997 980 982 
997 : 996 999 965 645 
998 : 503 949 206 
999 : 997 159 672 751 497 
1000 : 814 778 
