1 : 2 3 999 223 
2 : 1 4 1000 996 
3 : 1 5 487 369 706 
4 : 2 400 163 9 
5 : 3 367 149 264 866 
6 : 8 961 595 700 
7 : 286 446 816 
8 : 6 10 42 360 
9 : 10 4 113 
10 : 9 8 516 765 63 625 
11 : 115 639 456 
12 : 991 29 
13 : 272 125 62 
14 : 24 722 414 
15 : 746 963 101 701 
16 : 501 169 527 669 458 887 
17 : 291 988 752 
18 : 114 465 223 659 
19 : 20 341 793 455 
20 : 19 22 394 
21 : 22 82 706 
22 : 21 20 462 569 
23 : 950 346 417 405 
24 : 14 194 435 
25 : 423 486 657 57 723 
26 : 704 95 
27 : 920 327 684 
28 : 739 633 350 131 743 767 
29 : 957 737 12 960 247 
30 : 973 70 389 527 
31 : 32 444 180 510 924 
32 : 31 330 712 
33 : 904 899 
34 : 35 36 991 
35 : 34 529 338 296 762 
36 : 34 42 741 294 
37 : 604 643 938 463 
38 : 39 813 80 872 
39 : 38 41 563 451 
40 : 42 559 972 564 
41 : 39 960 117 
42 : 40 44 8 36 324 
43 : 176 495 871 
44 : 42 641 587 729 232 
45 : 460 167 769 776 
46 : 354 56 245 717 164 464 
47 : 454 66 187 
48 : 355 419 66 
49 : 50 995 902 
50 : 49 51 316 515 739 947 
51 : 50 426 586 860 198 
52 : 53 54 83 
53 : 52 351 217 251 869 416 618 794 
54 : 52 248 362 562 61 71 
55 : 309 894 
56 : 46 461 308 
57 : 723 811 838 25 867 92 
58 : 305 589 957 
59 : 60 984 
60 : 59 499 391 904 979 
61 : 62 54 805 975 
62 : 61 897 628 13 
63 : 64 10 237 938 
64 : 63 66 449 382 581 
65 : 66 143 342 515 152 
66 : 65 64 47 48 
67 : 69 426 584 668 
68 : 665 162 841 
69 : 67 897 645 240 
70 : 30 235 496 263 
71 : 810 54 99 283 591 
72 : 184 925 422 606 
73 : 232 514 
74 : 452 177 250 658 
75 : 269 758 391 
76 : 208 238 834 
77 : 127 328 790 789 439 
78 : 720 456 
79 : 80 303 656 
80 : 79 81 38 726 758 
81 : 80 268 353 322 
82 : 21 631 680 129 
83 : 652 942 52 443 
84 : 717 661 441 
85 : 184 878 964 
86 : 87 455 
87 : 86 88 935 281 679 
88 : 87 89 90 219 
89 : 88 256 183 981 426 469 
90 : 91 88 325 789 
91 : 90 255 460 771 
92 : 439 57 
93 : 94 306 106 419 600 726 
94 : 93 270 789 546 105 
95 : 596 508 26 883 
96 : 97 174 196 740 849 
97 : 96 98 337 
98 : 97 819 990 
99 : 854 71 955 
100 : 971 358 604 
101 : 867 15 
102 : 688 550 657 
103 : 105 915 931 
104 : 667 219 963 675 
105 : 106 103 667 727 94 608 
106 : 105 606 595 93 
107 : 108 233 791 970 356 
108 : 107 584 777 193 
109 : 253 660 
110 : 257 155 506 316 
111 : 112 113 279 238 511 912 
112 : 111 113 114 690 
113 : 112 111 586 596 9 385 
114 : 112 18 859 394 791 
115 : 117 11 922 554 200 843 
116 : 593 207 594 265 408 
117 : 115 174 41 702 291 
118 : 119 120 904 409 639 
119 : 118 121 475 
120 : 121 118 529 808 590 704 
121 : 120 122 119 321 
122 : 121 246 768 851 
123 : 682 819 855 905 465 
124 : 125 614 
125 : 124 127 549 482 13 
126 : 911 210 934 
127 : 125 77 654 700 
128 : 129 130 
129 : 128 134 82 760 
130 : 128 221 655 450 563 868 
131 : 314 911 28 
132 : 372 244 935 
133 : 819 959 713 
134 : 129 290 523 646 917 
135 : 136 137 200 
136 : 135 138 707 976 
137 : 135 313 900 
138 : 136 413 885 752 
139 : 765 725 
140 : 612 897 
141 : 142 143 923 
142 : 141 144 687 654 991 
143 : 141 65 555 649 431 
144 : 142 615 379 
145 : 146 147 852 176 
146 : 145 382 288 
147 : 145 488 202 997 461 
148 : 920 291 635 
149 : 385 5 740 
150 : 448 200 
151 : 152 556 644 939 594 
152 : 151 153 154 65 
153 : 152 154 214 727 
154 : 153 155 152 865 606 961 977 
155 : 154 110 336 774 
156 : 711 182 983 
157 : 158 237 238 714 
158 : 157 770 688 
159 : 211 650 
160 : 489 969 
161 : 739 569 692 316 538 
162 : 68 322 643 725 
163 : 4 820 
164 : 902 46 870 
165 : 167 417 567 
166 : 600 548 869 815 552 
167 : 165 45 213 231 252 
168 : 323 932 
169 : 171 16 894 
170 : 800 228 531 894 
171 : 172 169 849 971 653 
172 : 171 457 395 258 568 
173 : 212 318 793 280 
174 : 117 639 96 704 215 
175 : 930 773 179 
176 : 43 472 543 145 
177 : 74 206 579 789 214 255 550 
178 : 434 591 
179 : 180 175 774 
180 : 179 181 31 
181 : 180 183 790 661 396 814 
182 : 184 156 479 
183 : 181 89 343 777 
184 : 182 72 85 848 771 806 916 
185 : 232 833 234 
186 : 716 604 
187 : 723 713 926 47 712 
188 : 246 951 980 1000 933 
189 : 980 538 
190 : 192 970 429 824 
191 : 192 336 
192 : 191 190 414 823 855 288 703 
193 : 750 759 108 
194 : 24 779 803 301 604 
195 : 768 509 560 940 583 
196 : 216 96 351 860 
197 : 780 201 413 572 
198 : 576 650 51 
199 : 364 398 485 513 
200 : 135 150 115 862 
201 : 197 552 329 783 
202 : 147 497 921 229 
203 : 920 427 455 389 621 842 
204 : 205 206 
205 : 204 232 822 
206 : 204 177 644 477 641 
207 : 116 441 955 
208 : 210 76 481 
209 : 210 345 258 503 582 950 
210 : 209 208 126 406 475 897 348 
211 : 213 159 941 473 610 
212 : 213 173 674 812 770 276 410 
213 : 212 214 211 215 167 307 
214 : 213 153 736 177 544 
215 : 216 213 512 992 174 373 
216 : 215 196 791 785 897 386 
217 : 53 453 290 
218 : 220 707 610 
219 : 104 860 88 
220 : 221 218 721 857 
221 : 220 223 130 783 
222 : 223 954 
223 : 222 221 499 18 1 
224 : 487 390 
225 : 748 967 363 
226 : 345 293 515 933 
227 : 229 629 415 
228 : 170 290 
229 : 230 227 202 802 362 654 
230 : 229 287 906 397 699 712 
231 : 817 278 167 
232 : 73 185 205 554 44 
233 : 107 585 653 
234 : 746 563 185 
235 : 70 850 905 
236 : 238 366 
237 : 157 63 729 417 
238 : 236 76 363 157 111 
239 : 982 282 498 
240 : 813 69 
241 : 662 525 923 541 
242 : 450 402 944 702 
243 : 659 917 346 
244 : 851 132 444 605 
245 : 247 46 608 832 
246 : 122 188 952 605 
247 : 245 371 265 29 
248 : 54 982 266 628 878 
249 : 251 753 956 
250 : 252 616 531 74 
251 : 249 53 693 702 467 937 
252 : 250 311 167 339 430 756 
253 : 255 109 886 880 
254 : 255 256 538 781 
255 : 254 256 253 91 177 
256 : 255 254 89 463 901 714 
257 : 110 751 358 
258 : 259 679 172 209 545 488 
259 : 258 260 946 390 
260 : 259 261 906 
261 : 260 383 996 758 
262 : 558 273 
263 : 264 70 819 928 
264 : 263 265 5 380 
265 : 264 247 116 267 881 
266 : 268 248 398 987 
267 : 716 265 449 707 
268 : 269 266 81 754 365 865 
269 : 268 270 75 488 511 819 
270 : 269 271 94 551 587 
271 : 270 799 980 705 
272 : 273 274 13 856 455 
273 : 272 759 552 262 442 437 545 
274 : 272 276 655 401 763 
275 : 276 277 
276 : 275 274 718 616 212 677 
277 : 278 275 279 
278 : 277 231 678 757 
279 : 277 111 947 965 919 
280 : 281 173 
281 : 280 605 87 747 
282 : 239 584 543 792 
283 : 284 71 
284 : 283 902 544 531 
285 : 475 887 761 
286 : 7 746 802 
287 : 230 861 298 
288 : 669 146 192 301 318 
289 : 290 639 716 717 
290 : 289 134 659 228 217 859 
291 : 17 718 458 148 117 
292 : 293 319 459 503 
293 : 292 226 800 302 
294 : 696 463 36 678 
295 : 297 324 920 
296 : 710 35 
297 : 295 368 926 820 
298 : 616 287 385 
299 : 610 849 
300 : 301 313 394 
301 : 300 833 614 194 288 
302 : 673 293 
303 : 79 744 
304 : 767 725 571 824 
305 : 58 785 864 725 367 423 
306 : 308 891 928 93 592 848 
307 : 372 447 213 
308 : 309 306 606 56 536 
309 : 308 310 55 507 730 944 
310 : 309 312 339 985 
311 : 252 490 401 787 562 
312 : 310 721 361 889 914 
313 : 137 300 618 879 648 
314 : 315 131 757 722 
315 : 314 316 317 
316 : 315 728 423 704 50 161 110 644 
317 : 315 658 613 993 576 
318 : 173 836 288 691 
319 : 292 775 
320 : 321 490 830 
321 : 320 491 815 121 577 838 997 
322 : 324 719 81 162 
323 : 324 325 168 
324 : 323 322 42 295 953 645 
325 : 323 90 506 
326 : 327 696 
327 : 326 329 27 
328 : 330 77 584 
329 : 327 619 201 634 911 
330 : 328 32 711 630 575 636 
331 : 333 620 495 727 
332 : 386 425 388 
333 : 334 331 728 941 934 
334 : 333 336 890 945 
335 : 336 354 409 
336 : 335 334 338 155 348 594 779 191 377 454 
337 : 339 692 97 
338 : 336 616 794 35 646 598 
339 : 337 310 635 252 772 
340 : 823 955 
341 : 343 19 637 
342 : 65 548 891 
343 : 341 183 699 385 
344 : 345 496 534 560 780 
345 : 344 347 226 209 
346 : 23 607 243 751 
347 : 345 407 877 
348 : 336 210 820 540 
349 : 623 966 
350 : 588 28 448 839 
351 : 53 417 196 765 
352 : 354 412 
353 : 81 798 
354 : 352 356 46 335 804 442 
355 : 357 48 875 
356 : 357 354 107 
357 : 356 355 603 599 670 
358 : 360 100 257 972 
359 : 360 756 
360 : 359 358 8 409 665 854 
361 : 312 810 760 
362 : 54 539 629 914 229 
363 : 365 238 558 225 801 
364 : 365 199 776 
365 : 364 363 529 268 487 
366 : 367 236 620 
367 : 366 368 5 592 305 
368 : 367 297 819 689 821 680 
369 : 373 3 
370 : 371 372 652 
371 : 370 372 247 926 
372 : 371 370 132 307 488 384 
373 : 369 750 851 888 215 989 
374 : 750 435 539 
375 : 706 784 
376 : 377 378 
377 : 376 662 336 431 557 742 
378 : 376 927 724 729 894 875 
379 : 506 144 398 
380 : 733 264 
381 : 383 439 705 
382 : 146 64 442 
383 : 381 385 261 836 525 620 
384 : 386 606 372 
385 : 383 149 935 113 298 343 628 812 
386 : 384 332 894 669 216 
387 : 884 569 
388 : 389 417 332 559 
389 : 388 921 30 203 548 897 
390 : 731 224 259 796 
391 : 392 60 75 847 551 
392 : 391 394 950 
393 : 600 767 
394 : 392 20 114 300 429 
395 : 397 172 557 757 
396 : 838 181 429 587 
397 : 395 549 230 417 516 
398 : 199 492 938 379 266 
399 : 400 401 
400 : 399 402 4 771 
401 : 399 311 274 
402 : 400 242 587 828 
403 : 923 962 
404 : 405 565 447 
405 : 404 655 23 556 
406 : 408 210 604 620 574 
407 : 409 347 740 835 
408 : 406 452 487 861 116 796 
409 : 407 360 745 866 335 118 
410 : 797 212 
411 : 412 527 922 
412 : 411 352 590 694 700 952 
413 : 138 197 878 948 573 
414 : 415 192 817 14 557 
415 : 414 227 630 
416 : 807 641 53 845 
417 : 165 351 388 23 397 237 623 
418 : 419 420 713 716 
419 : 418 946 48 93 
420 : 418 439 645 
421 : 944 830 
422 : 519 72 987 651 790 879 
423 : 25 316 305 630 
424 : 798 593 836 
425 : 332 834 440 
426 : 51 67 639 89 
427 : 429 203 804 
428 : 744 545 635 
429 : 427 190 394 396 
430 : 765 252 
431 : 432 143 377 627 
432 : 431 635 918 588 
433 : 434 435 
434 : 433 435 178 617 
435 : 434 433 437 374 24 
436 : 437 886 
437 : 436 435 459 273 948 
438 : 439 843 
439 : 438 440 92 381 420 77 558 800 
440 : 439 441 634 651 425 
441 : 440 207 578 84 481 671 
442 : 829 273 382 354 
443 : 444 840 83 
444 : 443 446 513 670 933 31 244 
445 : 446 722 779 854 
446 : 445 444 7 471 
447 : 449 307 666 404 
448 : 449 150 684 350 494 
449 : 448 450 447 64 267 864 
450 : 449 242 657 130 
451 : 606 590 39 673 
452 : 74 408 899 597 738 
453 : 701 950 217 997 
454 : 47 477 775 336 
455 : 456 19 86 203 272 
456 : 455 628 78 11 
457 : 459 172 569 
458 : 291 16 
459 : 457 437 292 477 889 676 
460 : 461 45 91 484 
461 : 460 782 56 147 507 
462 : 22 605 565 
463 : 256 294 37 
464 : 868 854 46 
465 : 18 123 943 
466 : 468 732 
467 : 725 251 786 
468 : 466 470 560 
469 : 774 89 
470 : 468 718 769 
471 : 473 865 446 900 
472 : 473 176 802 
473 : 472 471 475 211 932 
474 : 663 558 
475 : 473 119 285 210 949 
476 : 477 857 844 
477 : 476 454 459 701 206 478 
478 : 631 477 
479 : 182 803 768 
480 : 921 516 
481 : 482 208 624 441 
482 : 481 484 125 609 640 
483 : 485 495 
484 : 482 913 460 622 886 
485 : 483 770 199 710 958 
486 : 488 25 
487 : 3 224 408 365 609 
488 : 486 147 372 269 987 258 
489 : 491 160 761 983 
490 : 492 311 529 751 320 
491 : 489 493 321 652 
492 : 490 398 725 
493 : 491 495 624 571 680 
494 : 555 448 959 
495 : 493 483 522 863 43 331 
496 : 70 564 990 344 500 
497 : 499 202 
498 : 923 239 760 
499 : 500 497 501 60 223 
500 : 499 999 496 619 
501 : 499 503 16 808 885 
502 : 642 854 770 
503 : 501 673 582 292 209 
504 : 619 784 969 572 
505 : 570 877 
506 : 508 379 905 110 325 
507 : 509 309 461 
508 : 506 95 545 696 
509 : 507 195 551 
510 : 523 31 776 
511 : 712 998 269 111 613 
512 : 514 215 
513 : 444 798 574 199 617 963 
514 : 512 757 73 781 
515 : 65 599 226 50 
516 : 517 10 621 480 397 539 751 
517 : 516 844 571 
518 : 519 520 
519 : 518 520 422 549 539 
520 : 519 518 522 528 903 
521 : 523 994 561 
522 : 520 524 495 983 665 
523 : 521 525 510 134 
524 : 522 624 659 987 549 
525 : 523 241 383 
526 : 527 789 655 
527 : 526 16 411 30 836 960 
528 : 520 631 809 824 818 
529 : 35 365 490 120 725 
530 : 574 712 945 
531 : 250 827 170 284 916 
532 : 901 647 
533 : 778 872 
534 : 535 344 921 
535 : 534 778 670 
536 : 548 308 
537 : 539 958 
538 : 254 189 161 748 
539 : 537 362 979 374 519 516 
540 : 541 696 348 908 
541 : 540 663 872 999 241 
542 : 544 870 547 
543 : 176 282 
544 : 542 284 214 895 
545 : 428 879 258 508 273 745 
546 : 547 548 94 
547 : 546 542 897 
548 : 546 536 166 829 342 389 805 
549 : 125 397 519 524 
550 : 102 177 
551 : 270 509 391 
552 : 273 603 201 166 
553 : 555 874 
554 : 556 232 115 
555 : 553 557 494 143 857 
556 : 554 151 858 405 
557 : 555 395 414 377 
558 : 262 363 763 474 439 
559 : 40 590 388 603 
560 : 468 195 764 929 344 611 
561 : 521 644 
562 : 54 703 311 
563 : 39 234 130 920 
564 : 496 40 
565 : 404 462 580 
566 : 567 568 793 
567 : 566 569 165 
568 : 569 566 787 172 
569 : 568 567 571 457 161 22 387 577 
570 : 571 505 828 
571 : 570 569 493 304 517 776 953 
572 : 573 954 197 504 
573 : 572 574 413 648 
574 : 573 530 513 406 
575 : 715 658 330 738 
576 : 198 702 898 317 
577 : 599 321 569 
578 : 441 605 935 721 
579 : 177 740 
580 : 581 565 748 
581 : 580 615 887 64 
582 : 503 726 943 209 
583 : 890 195 
584 : 108 67 282 328 
585 : 716 233 652 
586 : 113 51 886 
587 : 44 637 798 270 402 396 
588 : 350 633 432 761 
589 : 590 591 58 
590 : 589 412 559 451 120 672 
591 : 589 861 178 71 
592 : 367 306 
593 : 116 424 697 767 707 695 
594 : 336 116 151 823 
595 : 106 6 674 
596 : 598 95 113 720 842 988 
597 : 599 762 452 
598 : 599 596 338 
599 : 598 597 577 515 357 689 
600 : 166 393 885 899 93 
601 : 868 608 
602 : 604 802 
603 : 357 552 559 604 
604 : 602 37 406 100 186 603 194 
605 : 281 462 578 246 244 
606 : 106 384 451 308 154 72 
607 : 346 826 629 
608 : 245 601 105 731 
609 : 482 635 487 
610 : 299 218 742 211 
611 : 820 710 560 683 
612 : 614 140 615 662 
613 : 317 656 511 
614 : 612 301 124 945 992 
615 : 144 581 612 931 626 907 
616 : 250 298 338 276 904 
617 : 819 434 513 
618 : 313 709 53 
619 : 329 504 993 500 969 
620 : 331 406 366 383 755 
621 : 516 986 203 
622 : 623 624 484 
623 : 622 349 990 417 
624 : 622 626 493 524 481 966 
625 : 648 953 10 
626 : 627 624 628 615 
627 : 626 641 431 
628 : 626 456 62 248 385 966 
629 : 227 362 607 
630 : 330 896 415 423 930 
631 : 633 478 528 82 
632 : 767 799 
633 : 631 635 588 28 642 
634 : 440 329 
635 : 633 339 432 609 848 428 148 815 
636 : 637 653 873 330 
637 : 636 587 341 
638 : 639 761 
639 : 638 174 426 289 772 919 11 118 
640 : 482 710 
641 : 44 627 416 206 
642 : 643 502 685 633 
643 : 642 37 162 
644 : 151 206 561 316 
645 : 900 895 69 324 420 726 
646 : 909 134 338 658 822 
647 : 648 532 657 
648 : 647 625 696 573 313 753 
649 : 143 711 
650 : 652 198 159 
651 : 440 422 
652 : 650 83 491 983 585 370 855 
653 : 636 171 233 
654 : 127 142 229 
655 : 274 405 949 130 526 
656 : 658 613 754 79 
657 : 450 25 102 647 798 
658 : 656 317 575 646 74 
659 : 243 290 524 18 993 
660 : 661 662 109 
661 : 660 663 181 84 
662 : 660 241 377 681 612 
663 : 661 474 541 698 952 
664 : 939 763 
665 : 68 360 968 522 986 
666 : 668 447 908 
667 : 669 104 105 
668 : 666 67 999 
669 : 667 288 386 16 862 
670 : 444 902 535 357 
671 : 672 441 682 
672 : 671 767 590 681 
673 : 302 503 888 451 
674 : 212 595 
675 : 959 104 721 
676 : 963 989 459 
677 : 678 276 736 
678 : 677 889 278 294 964 
679 : 258 985 87 686 
680 : 493 82 368 819 729 
681 : 682 662 672 
682 : 681 683 123 671 984 
683 : 682 954 611 
684 : 448 949 27 926 
685 : 642 803 
686 : 687 936 679 
687 : 686 142 788 700 724 
688 : 689 690 102 158 896 
689 : 688 691 368 599 
690 : 691 688 945 112 
691 : 690 692 689 318 
692 : 691 694 337 161 839 
693 : 251 707 913 811 
694 : 692 412 799 
695 : 998 593 
696 : 294 648 540 326 508 925 
697 : 593 909 
698 : 699 663 826 909 714 
699 : 698 700 343 230 754 
700 : 699 701 127 412 687 6 
701 : 700 453 477 730 15 877 
702 : 576 251 117 242 
703 : 562 192 
704 : 26 316 174 120 734 
705 : 381 271 
706 : 707 375 952 994 21 3 
707 : 706 136 218 693 593 267 
708 : 709 727 
709 : 708 618 909 
710 : 296 611 870 975 485 640 899 
711 : 712 156 330 649 983 
712 : 711 511 530 915 32 187 230 
713 : 187 133 418 
714 : 715 256 698 157 
715 : 714 716 717 575 
716 : 715 717 186 267 585 289 418 
717 : 716 715 84 834 886 891 46 289 788 
718 : 720 276 291 470 755 
719 : 322 832 879 901 
720 : 718 722 78 596 
721 : 312 220 675 578 
722 : 720 14 445 314 
723 : 724 57 187 792 25 
724 : 723 378 777 687 827 
725 : 467 304 139 305 492 529 162 
726 : 582 80 645 93 764 
727 : 105 153 708 331 
728 : 730 316 333 
729 : 378 818 44 237 680 
730 : 728 732 701 309 
731 : 732 390 608 
732 : 731 730 466 749 962 747 
733 : 734 735 380 983 
734 : 733 854 704 
735 : 733 912 823 927 
736 : 214 677 
737 : 739 29 
738 : 834 575 452 
739 : 740 737 28 161 50 
740 : 739 741 407 149 579 96 
741 : 740 743 36 
742 : 610 377 
743 : 744 741 28 940 
744 : 743 745 746 428 303 
745 : 744 409 545 
746 : 747 744 748 15 234 286 
747 : 746 749 781 281 732 
748 : 746 225 954 580 538 
749 : 747 751 732 794 
750 : 751 752 193 373 374 
751 : 750 749 257 490 346 516 
752 : 750 754 954 17 138 
753 : 249 942 648 
754 : 752 656 268 699 
755 : 756 718 620 
756 : 755 757 359 252 
757 : 756 514 395 314 278 
758 : 75 261 80 
759 : 761 273 193 
760 : 915 361 498 129 
761 : 762 759 489 588 638 285 
762 : 761 597 781 35 
763 : 558 664 274 
764 : 560 859 726 
765 : 139 430 10 351 
766 : 768 869 
767 : 304 632 672 593 393 28 
768 : 766 195 122 982 479 863 
769 : 45 797 470 936 803 
770 : 771 158 485 212 502 816 
771 : 770 400 184 91 
772 : 639 339 
773 : 775 175 889 
774 : 775 776 469 155 179 
775 : 774 773 777 454 820 319 823 
776 : 777 774 45 364 571 510 
777 : 776 775 724 108 183 883 
778 : 533 535 870 799 
779 : 194 336 445 946 
780 : 781 197 344 
781 : 780 747 762 254 514 830 
782 : 461 959 871 
783 : 221 928 201 
784 : 504 808 375 894 
785 : 305 216 789 
786 : 787 467 986 
787 : 786 789 568 311 
788 : 687 857 717 
789 : 787 791 94 833 77 90 177 526 785 799 
790 : 181 77 422 
791 : 789 793 216 107 114 
792 : 723 282 
793 : 791 19 173 566 
794 : 749 338 53 
795 : 984 899 
796 : 797 830 390 408 996 
797 : 796 410 769 912 808 809 
798 : 424 513 587 353 657 967 
799 : 271 814 632 694 778 789 873 
800 : 801 170 293 439 954 970 
801 : 800 802 363 
802 : 801 804 602 934 229 286 472 
803 : 194 479 685 769 
804 : 802 354 427 
805 : 839 61 548 
806 : 184 984 
807 : 416 825 852 
808 : 501 784 120 797 
809 : 528 797 
810 : 71 361 945 
811 : 57 693 
812 : 212 385 
813 : 240 38 960 881 906 
814 : 799 940 181 
815 : 321 875 166 635 
816 : 817 961 7 770 
817 : 816 819 231 414 841 
818 : 729 528 
819 : 817 98 133 368 617 123 263 680 269 
820 : 611 775 163 348 297 
821 : 368 835 834 
822 : 823 205 646 
823 : 822 340 192 594 735 775 
824 : 190 528 304 
825 : 827 807 940 
826 : 698 607 870 889 
827 : 825 531 724 852 
828 : 883 570 402 876 
829 : 831 442 548 
830 : 796 940 421 781 320 
831 : 832 829 833 
832 : 831 833 719 245 
833 : 832 831 835 301 789 185 853 
834 : 717 738 869 867 76 425 821 931 
835 : 833 837 407 821 
836 : 383 318 424 527 
837 : 835 846 938 
838 : 396 57 321 
839 : 805 692 350 
840 : 842 443 
841 : 817 877 955 68 954 
842 : 840 596 203 909 
843 : 944 438 115 
844 : 517 892 476 
845 : 846 416 
846 : 845 847 848 837 
847 : 846 849 881 391 861 962 
848 : 846 184 635 306 851 
849 : 847 171 299 96 
850 : 852 948 235 
851 : 244 373 122 848 
852 : 850 145 807 827 
853 : 854 833 
854 : 853 99 734 464 360 502 445 
855 : 123 192 652 
856 : 272 902 
857 : 788 555 220 476 896 
858 : 556 928 
859 : 114 764 290 
860 : 219 51 196 
861 : 287 591 408 847 
862 : 863 882 669 200 899 
863 : 862 495 768 
864 : 305 449 
865 : 471 154 268 
866 : 409 5 
867 : 101 834 57 942 
868 : 464 601 939 130 
869 : 766 834 166 53 902 
870 : 542 778 710 826 164 
871 : 872 922 782 43 
872 : 871 541 533 38 
873 : 636 799 
874 : 876 553 974 
875 : 355 815 378 
876 : 874 901 828 
877 : 841 347 505 701 
878 : 413 85 248 
879 : 545 313 719 422 
880 : 881 253 
881 : 880 847 973 813 265 
882 : 862 1000 
883 : 884 885 828 95 777 
884 : 883 886 387 971 
885 : 883 600 138 501 
886 : 884 253 717 436 586 484 
887 : 581 285 16 
888 : 890 673 373 
889 : 678 773 312 459 826 
890 : 888 892 334 583 916 
891 : 306 717 342 
892 : 893 890 894 844 
893 : 892 917 990 
894 : 892 386 169 55 378 784 170 
895 : 645 544 
896 : 630 857 688 
897 : 62 69 210 140 216 547 389 
898 : 900 576 
899 : 452 600 33 710 795 862 
900 : 901 898 645 137 471 
901 : 900 532 876 256 719 
902 : 164 284 670 856 869 49 
903 : 905 520 
904 : 33 118 957 616 60 
905 : 903 506 123 235 
906 : 230 260 813 
907 : 908 615 
908 : 907 666 540 
909 : 646 698 697 709 842 
910 : 911 912 
911 : 910 126 131 329 
912 : 913 910 735 797 111 
913 : 912 914 915 484 693 
914 : 913 362 312 
915 : 913 103 760 712 923 
916 : 918 890 957 184 531 
917 : 893 243 134 
918 : 916 920 432 
919 : 921 639 927 279 
920 : 918 27 148 203 295 941 563 
921 : 919 389 480 202 534 
922 : 115 871 411 
923 : 925 403 498 141 241 915 951 
924 : 925 31 
925 : 924 923 72 696 
926 : 928 187 297 371 684 
927 : 378 919 735 
928 : 926 783 306 984 858 263 
929 : 931 560 
930 : 931 175 956 630 
931 : 930 929 615 103 834 
932 : 997 168 473 
933 : 444 188 226 
934 : 802 938 126 333 
935 : 385 87 578 132 
936 : 686 769 978 974 
937 : 938 251 
938 : 937 934 398 37 837 63 
939 : 941 664 868 151 
940 : 814 825 830 195 743 994 
941 : 939 943 211 920 333 
942 : 944 753 83 867 949 965 
943 : 941 945 582 465 
944 : 945 942 421 843 242 309 
945 : 944 943 690 530 614 810 334 
946 : 419 259 779 
947 : 279 50 
948 : 850 413 437 
949 : 655 684 475 942 
950 : 23 392 453 209 969 
951 : 188 923 
952 : 246 706 663 412 
953 : 324 625 571 
954 : 683 748 752 572 222 841 800 
955 : 841 207 340 99 
956 : 930 249 
957 : 29 916 904 58 
958 : 959 537 485 
959 : 958 961 675 782 133 494 
960 : 41 813 29 527 
961 : 959 6 816 154 
962 : 732 403 847 
963 : 676 104 15 513 
964 : 965 678 85 
965 : 964 279 942 
966 : 624 349 628 
967 : 969 225 798 
968 : 970 665 
969 : 970 967 160 504 619 950 
970 : 969 971 968 190 107 800 
971 : 970 973 100 884 171 
972 : 40 358 
973 : 974 971 975 30 881 981 
974 : 973 975 874 936 
975 : 974 973 710 61 
976 : 977 136 
977 : 976 978 154 
978 : 977 979 980 936 
979 : 978 539 60 
980 : 978 982 189 188 271 
981 : 982 89 973 
982 : 981 980 984 239 248 768 
983 : 522 652 733 156 711 489 
984 : 982 795 928 59 806 682 
985 : 679 310 
986 : 621 786 665 
987 : 488 422 524 266 
988 : 17 596 
989 : 676 373 
990 : 992 623 496 98 893 
991 : 12 34 142 
992 : 990 215 614 
993 : 994 619 317 659 
994 : 993 521 706 940 
995 : 996 997 49 
996 : 995 2 261 796 
997 : 995 932 147 453 321 
998 : 1000 695 511 
999 : 1 500 541 668 
1000 : 998 2 188 882 
