1 : 1000 911 995 479 92 
2 : 545 305 810 211 
3 : 743 26 657 787 
4 : 5 760 776 774 488 
5 : 4 425 355 
6 : 7 294 590 854 901 
7 : 6 8 715 391 
8 : 7 335 762 796 992 
9 : 986 534 235 
10 : 440 563 233 
11 : 254 476 924 757 
12 : 521 226 132 
13 : 960 749 435 482 
14 : 16 53 168 
15 : 547 299 468 40 99 
16 : 14 408 55 909 644 836 
17 : 18 489 273 
18 : 17 19 109 315 424 
19 : 18 318 559 291 628 
20 : 305 911 291 390 
21 : 192 238 
22 : 103 833 294 939 
23 : 586 871 901 605 860 
24 : 992 951 843 
25 : 660 181 676 
26 : 3 282 
27 : 541 373 535 165 134 523 925 
28 : 29 380 634 503 
29 : 28 30 292 
30 : 29 294 177 599 432 
31 : 32 35 85 266 504 190 
32 : 31 34 931 
33 : 34 35 633 889 
34 : 33 32 700 516 
35 : 33 31 698 70 888 
36 : 122 612 757 
37 : 39 750 344 412 429 623 
38 : 39 786 284 
39 : 38 37 698 370 529 
40 : 172 749 15 767 111 
41 : 42 643 653 108 331 835 
42 : 41 983 242 643 152 
43 : 45 793 782 
44 : 609 45 60 151 526 556 
45 : 43 47 44 148 
46 : 319 917 91 
47 : 48 45 49 
48 : 47 555 641 668 
49 : 47 461 564 478 845 
50 : 52 748 696 910 
51 : 53 621 372 639 
52 : 50 149 612 880 
53 : 51 55 14 723 258 
54 : 524 97 231 
55 : 53 57 16 250 507 
56 : 57 689 184 682 
57 : 56 55 185 759 564 
58 : 60 329 384 126 249 
59 : 468 187 611 
60 : 58 44 834 
61 : 486 560 297 583 
62 : 63 307 992 
63 : 62 575 383 585 907 
64 : 65 570 403 
65 : 64 363 986 893 
66 : 68 724 579 
67 : 563 628 
68 : 66 70 153 
69 : 70 595 163 
70 : 69 68 72 200 501 35 
71 : 943 139 342 
72 : 70 559 614 461 
73 : 300 185 410 
74 : 75 818 856 
75 : 74 597 81 358 206 
76 : 78 842 
77 : 78 925 440 182 842 
78 : 77 79 76 770 
79 : 78 308 441 621 
80 : 82 729 
81 : 83 75 465 511 
82 : 80 174 462 841 133 420 
83 : 81 749 188 404 723 735 
84 : 86 336 250 872 940 
85 : 31 174 339 176 
86 : 84 604 546 813 
87 : 625 443 169 621 674 
88 : 90 181 349 972 
89 : 835 846 
90 : 88 272 640 194 
91 : 130 46 763 
92 : 494 650 1 571 737 909 
93 : 95 707 278 487 891 
94 : 95 414 662 
95 : 94 93 504 443 581 718 983 760 
96 : 98 787 
97 : 54 378 843 102 
98 : 99 96 360 827 870 
99 : 98 519 15 
100 : 289 237 418 316 
101 : 825 839 
102 : 103 97 130 
103 : 102 22 153 789 844 
104 : 105 663 803 889 601 
105 : 104 222 840 
106 : 395 855 
107 : 278 388 
108 : 110 791 41 154 
109 : 18 317 765 292 
110 : 108 112 540 405 
111 : 492 985 40 
112 : 113 110 114 311 
113 : 112 746 385 390 
114 : 112 761 153 238 
115 : 967 305 
116 : 117 828 713 
117 : 116 119 969 381 428 867 197 659 
118 : 712 233 283 904 
119 : 117 197 865 
120 : 122 477 518 
121 : 494 705 
122 : 120 36 954 397 823 452 
123 : 577 730 194 550 561 
124 : 126 810 314 447 
125 : 151 818 657 
126 : 124 130 687 58 
127 : 849 807 
128 : 552 807 335 
129 : 131 980 181 350 808 
130 : 91 126 167 102 546 
131 : 129 179 945 662 
132 : 158 204 12 
133 : 943 82 946 
134 : 489 678 27 
135 : 136 137 662 886 205 
136 : 135 945 529 711 399 
137 : 135 592 711 523 
138 : 996 190 920 
139 : 71 252 587 
140 : 859 293 763 
141 : 259 638 982 
142 : 160 301 540 
143 : 581 637 987 663 
144 : 145 885 533 
145 : 144 147 165 
146 : 967 622 
147 : 145 149 461 811 
148 : 45 863 779 
149 : 147 52 559 301 453 
150 : 845 563 906 922 468 
151 : 153 125 44 
152 : 866 42 
153 : 151 155 68 103 114 377 
154 : 880 226 376 108 
155 : 153 373 966 206 408 
156 : 158 797 
157 : 159 624 320 
158 : 156 160 132 968 884 
159 : 160 157 444 
160 : 159 158 142 509 167 722 
161 : 162 651 854 
162 : 161 163 979 891 
163 : 162 370 69 
164 : 336 475 907 
165 : 145 469 27 398 367 
166 : 938 649 296 
167 : 130 977 160 361 
168 : 700 14 193 
169 : 398 889 87 
170 : 172 872 459 820 
171 : 172 273 923 966 
172 : 171 170 40 556 834 
173 : 574 664 853 851 
174 : 176 82 85 415 794 
175 : 177 879 999 
176 : 177 174 85 456 
177 : 176 175 30 902 955 446 706 
178 : 180 463 
179 : 180 181 131 
180 : 179 178 711 509 639 833 
181 : 179 88 129 25 735 262 422 472 
182 : 671 257 352 648 77 
183 : 185 411 388 
184 : 421 364 56 985 804 
185 : 183 57 73 883 395 895 
186 : 881 561 800 
187 : 189 59 927 476 
188 : 83 752 863 288 370 
189 : 187 326 935 
190 : 138 431 31 
191 : 513 870 875 
192 : 21 391 393 
193 : 823 168 397 
194 : 694 701 123 90 
195 : 342 548 708 555 
196 : 811 387 
197 : 119 523 117 714 
198 : 499 771 600 
199 : 206 722 773 
200 : 70 465 797 505 
201 : 202 663 624 
202 : 201 800 270 
203 : 619 415 781 831 
204 : 132 764 207 
205 : 708 268 135 
206 : 199 254 75 155 294 
207 : 345 204 636 
208 : 209 791 741 
209 : 208 210 350 680 
210 : 209 211 620 
211 : 210 963 801 2 753 
212 : 214 550 291 865 
213 : 467 376 514 520 978 
214 : 212 493 936 416 485 
215 : 217 989 759 300 927 
216 : 318 741 543 559 
217 : 215 876 274 524 
218 : 582 674 268 995 
219 : 221 277 
220 : 221 231 
221 : 220 219 649 950 585 
222 : 105 674 647 760 
223 : 257 300 736 
224 : 312 617 526 
225 : 226 463 725 568 
226 : 225 154 12 675 
227 : 766 840 401 947 
228 : 898 260 686 985 
229 : 291 758 656 
230 : 302 930 442 745 
231 : 232 233 54 220 
232 : 231 624 991 764 864 
233 : 231 118 537 10 
234 : 889 670 516 
235 : 732 9 378 
236 : 238 665 712 
237 : 239 100 
238 : 236 806 21 114 552 602 899 
239 : 237 925 463 
240 : 241 318 
241 : 240 501 583 582 563 
242 : 42 755 
243 : 586 331 837 665 711 
244 : 245 246 391 451 483 628 768 336 
245 : 244 440 841 566 597 
246 : 244 838 331 
247 : 332 401 
248 : 249 271 553 306 
249 : 248 751 392 58 996 
250 : 55 882 84 
251 : 779 542 831 874 259 
252 : 139 600 785 321 457 768 
253 : 783 293 502 
254 : 256 11 206 484 901 903 
255 : 601 371 939 
256 : 254 717 466 364 
257 : 223 182 946 434 
258 : 53 495 
259 : 141 435 251 319 473 
260 : 262 228 450 618 685 789 805 
261 : 262 900 681 
262 : 261 260 456 181 483 
263 : 265 829 772 
264 : 686 277 413 978 684 
265 : 263 383 719 
266 : 268 31 656 
267 : 625 588 762 
268 : 266 205 218 
269 : 270 512 762 
270 : 269 844 202 948 
271 : 273 248 877 704 
272 : 90 707 881 
273 : 271 275 171 17 
274 : 217 604 759 795 
275 : 273 277 971 982 303 364 
276 : 339 748 411 
277 : 275 219 264 514 882 
278 : 107 93 537 547 778 
279 : 715 292 693 
280 : 281 747 
281 : 280 457 433 944 617 407 
282 : 623 26 613 
283 : 285 415 570 890 118 698 
284 : 638 38 918 467 
285 : 283 287 406 635 857 
286 : 287 288 
287 : 286 285 579 309 941 968 
288 : 286 684 188 989 
289 : 100 514 351 692 
290 : 292 972 708 
291 : 229 699 883 19 20 212 975 
292 : 293 290 29 279 109 307 356 
293 : 292 253 140 650 646 876 
294 : 30 6 22 206 955 
295 : 872 887 326 
296 : 310 166 622 
297 : 298 424 714 61 750 
298 : 297 300 740 
299 : 301 15 
300 : 298 73 223 582 215 501 
301 : 299 149 142 714 
302 : 304 230 838 528 
303 : 493 275 404 
304 : 302 792 544 542 
305 : 20 2 115 436 
306 : 402 248 478 
307 : 62 292 
308 : 310 79 615 866 
309 : 588 287 858 920 
310 : 311 308 296 593 437 
311 : 310 112 494 499 783 387 
312 : 314 224 904 477 
313 : 315 679 710 432 570 606 736 
314 : 312 519 386 545 124 766 886 
315 : 313 317 944 414 932 18 
316 : 571 576 100 
317 : 315 109 708 
318 : 319 320 19 216 566 240 
319 : 318 46 324 343 471 259 
320 : 318 888 157 
321 : 375 252 767 
322 : 324 979 
323 : 725 353 427 787 493 608 762 
324 : 322 319 521 602 534 
325 : 696 641 769 886 
326 : 189 869 295 845 
327 : 549 775 553 
328 : 558 856 546 
329 : 58 536 417 484 
330 : 331 332 627 756 
331 : 330 243 246 41 372 816 
332 : 333 330 247 687 666 
333 : 332 334 335 
334 : 333 946 727 458 
335 : 333 8 844 128 
336 : 337 84 164 244 394 
337 : 336 833 693 725 762 
338 : 582 500 581 569 
339 : 276 367 829 920 85 756 
340 : 587 607 449 
341 : 342 536 610 663 771 
342 : 341 195 398 71 375 803 
343 : 319 820 
344 : 37 601 746 
345 : 207 885 767 577 
346 : 600 486 547 862 598 
347 : 851 507 
348 : 350 740 759 
349 : 805 88 942 
350 : 351 348 697 209 129 492 
351 : 350 353 289 793 
352 : 182 881 379 436 
353 : 351 355 323 
354 : 875 965 366 913 
355 : 353 357 516 432 5 800 
356 : 661 292 660 675 
357 : 355 361 709 
358 : 75 838 575 
359 : 361 715 
360 : 98 445 609 
361 : 359 357 429 167 691 
362 : 429 483 
363 : 365 65 913 702 
364 : 184 256 275 
365 : 363 367 591 427 
366 : 367 841 354 792 918 
367 : 366 365 339 373 165 576 
368 : 369 370 
369 : 368 371 385 417 592 923 
370 : 368 163 39 188 383 
371 : 369 373 255 584 874 
372 : 51 331 653 774 
373 : 371 155 367 27 870 551 
374 : 376 689 724 857 
375 : 321 987 645 935 342 652 742 
376 : 374 154 213 915 400 441 
377 : 153 461 
378 : 97 235 
379 : 380 352 
380 : 379 382 28 882 
381 : 383 117 
382 : 380 908 673 1000 
383 : 381 265 63 816 370 
384 : 58 704 410 
385 : 387 369 113 700 744 
386 : 314 515 700 826 926 
387 : 385 655 521 196 311 
388 : 183 107 503 721 
389 : 747 732 899 918 993 
390 : 590 113 20 
391 : 192 244 7 1000 998 
392 : 249 743 
393 : 555 192 990 906 
394 : 440 680 734 873 336 
395 : 106 731 185 950 
396 : 524 902 
397 : 122 613 627 193 
398 : 400 169 342 447 485 165 979 
399 : 400 136 
400 : 399 398 818 376 
401 : 970 738 763 247 227 495 
402 : 404 306 897 596 
403 : 541 64 841 
404 : 402 83 921 303 453 
405 : 407 110 855 
406 : 285 642 503 
407 : 405 977 281 
408 : 16 517 155 
409 : 410 411 509 
410 : 409 711 73 384 
411 : 409 183 948 276 
412 : 37 620 588 916 
413 : 415 264 952 528 
414 : 315 876 94 984 
415 : 413 283 203 675 174 
416 : 503 513 574 214 622 
417 : 369 329 659 491 
418 : 656 495 100 883 
419 : 421 516 630 
420 : 795 82 933 
421 : 419 184 500 978 
422 : 942 181 
423 : 425 649 875 651 
424 : 297 18 
425 : 423 5 705 766 900 
426 : 427 428 750 596 
427 : 426 323 736 365 938 
428 : 426 430 117 914 
429 : 361 362 37 804 961 
430 : 428 935 434 503 812 
431 : 190 992 590 
432 : 355 30 313 500 
433 : 281 835 991 
434 : 560 430 257 
435 : 259 663 13 935 
436 : 437 305 352 
437 : 436 947 310 
438 : 866 932 
439 : 807 861 
440 : 10 245 394 470 707 895 77 991 
441 : 79 376 
442 : 715 230 
443 : 445 95 591 87 847 
444 : 563 159 761 
445 : 443 447 360 858 896 
446 : 707 177 601 743 
447 : 448 445 398 735 124 671 
448 : 447 449 578 822 
449 : 448 450 340 625 814 
450 : 449 452 260 
451 : 453 244 
452 : 450 454 855 122 
453 : 454 451 149 404 670 
454 : 453 455 452 456 999 
455 : 454 797 794 
456 : 454 262 759 703 176 
457 : 281 554 252 
458 : 708 334 641 538 
459 : 461 170 
460 : 462 888 
461 : 459 463 49 147 758 72 377 784 
462 : 460 464 82 469 
463 : 461 178 225 239 795 
464 : 462 931 967 578 
465 : 200 81 868 594 
466 : 256 853 557 734 
467 : 213 533 284 
468 : 59 15 150 971 
469 : 471 165 462 655 
470 : 440 588 593 
471 : 469 473 319 
472 : 582 181 
473 : 474 471 491 688 259 
474 : 473 476 744 550 
475 : 164 562 
476 : 474 11 822 187 
477 : 120 586 312 
478 : 479 49 306 769 
479 : 478 999 555 1 962 
480 : 481 792 
481 : 480 482 538 904 
482 : 481 917 13 
483 : 244 586 362 262 779 
484 : 485 254 329 
485 : 484 398 737 214 
486 : 61 346 681 
487 : 93 905 739 
488 : 489 4 
489 : 488 491 134 17 
490 : 492 563 692 
491 : 489 473 417 
492 : 490 111 993 350 
493 : 214 303 780 323 686 924 
494 : 92 121 311 927 862 
495 : 418 258 401 
496 : 497 946 944 
497 : 496 499 674 792 
498 : 499 500 960 806 
499 : 498 497 198 311 574 
500 : 498 421 338 646 432 
501 : 241 70 300 
502 : 957 580 661 253 910 
503 : 416 548 644 28 388 406 430 
504 : 95 925 31 891 661 869 
505 : 506 200 
506 : 505 507 851 
507 : 506 55 347 600 844 
508 : 792 832 
509 : 160 180 409 
510 : 713 551 778 
511 : 513 81 
512 : 269 675 
513 : 511 191 416 808 824 874 
514 : 289 277 636 213 
515 : 386 871 650 
516 : 518 355 419 683 34 234 
517 : 408 735 523 941 
518 : 516 970 770 120 701 827 
519 : 520 99 314 678 
520 : 519 521 213 959 
521 : 520 12 324 387 737 
522 : 669 726 
523 : 197 517 936 137 27 695 696 877 
524 : 54 396 724 217 750 
525 : 926 746 
526 : 527 958 44 224 707 
527 : 526 529 617 
528 : 302 413 
529 : 527 136 692 39 724 
530 : 532 672 
531 : 533 665 
532 : 530 534 839 
533 : 534 531 467 144 584 819 
534 : 533 532 658 9 324 
535 : 27 679 623 
536 : 329 341 598 700 
537 : 233 278 712 
538 : 481 458 
539 : 978 574 
540 : 541 110 142 894 
541 : 540 27 403 657 640 
542 : 544 251 304 703 
543 : 545 780 216 
544 : 542 546 304 
545 : 543 547 2 314 801 
546 : 544 86 608 328 130 
547 : 545 15 346 878 278 
548 : 550 503 195 
549 : 551 327 611 941 
550 : 548 212 474 123 
551 : 549 510 373 894 552 
552 : 128 740 238 551 
553 : 555 248 327 
554 : 457 571 949 593 
555 : 553 48 393 479 195 
556 : 172 725 44 
557 : 558 731 466 688 834 
558 : 557 328 874 720 
559 : 72 149 19 216 
560 : 434 61 611 897 
561 : 186 123 
562 : 563 475 972 934 945 
563 : 562 67 444 490 150 778 10 241 
564 : 49 57 
565 : 566 827 
566 : 565 318 245 
567 : 569 662 
568 : 807 225 
569 : 567 936 338 829 
570 : 283 64 313 919 
571 : 572 316 554 92 
572 : 571 573 709 697 
573 : 572 653 666 621 900 
574 : 173 416 499 539 650 809 
575 : 63 991 358 629 
576 : 316 961 367 
577 : 123 874 832 345 678 966 
578 : 579 595 448 464 
579 : 578 287 66 654 852 
580 : 502 952 
581 : 583 143 95 338 
582 : 584 218 338 472 300 241 
583 : 581 241 61 
584 : 582 371 533 642 
585 : 63 795 221 
586 : 23 243 477 483 762 
587 : 588 589 340 139 
588 : 587 309 470 267 412 936 
589 : 587 723 864 749 
590 : 591 390 6 431 759 752 
591 : 590 365 443 888 
592 : 593 137 369 
593 : 592 792 310 470 554 635 
594 : 595 465 
595 : 594 578 69 923 
596 : 402 426 
597 : 598 75 245 
598 : 597 920 346 536 618 
599 : 30 926 648 
600 : 346 252 719 507 198 980 
601 : 255 344 446 104 
602 : 771 324 238 
603 : 675 818 770 
604 : 606 86 274 989 929 
605 : 1000 777 23 
606 : 607 604 313 
607 : 606 608 340 642 
608 : 607 546 826 323 
609 : 611 44 689 360 
610 : 611 724 341 738 
611 : 610 609 549 560 59 688 677 
612 : 812 788 36 52 724 
613 : 397 848 282 646 879 
614 : 72 661 754 
615 : 308 773 706 760 
616 : 617 618 
617 : 616 618 619 527 224 281 914 
618 : 617 616 260 598 956 
619 : 617 203 753 722 689 
620 : 622 412 210 
621 : 51 995 79 573 87 964 
622 : 623 620 146 296 416 
623 : 622 282 37 535 927 
624 : 625 157 232 201 643 
625 : 624 87 267 997 449 
626 : 627 981 827 
627 : 626 397 330 
628 : 244 67 19 
629 : 741 575 969 
630 : 999 419 
631 : 930 879 928 
632 : 634 917 817 969 
633 : 33 809 693 772 881 
634 : 632 28 774 885 
635 : 285 593 815 
636 : 514 676 207 885 
637 : 143 986 930 
638 : 284 783 141 919 818 
639 : 180 51 
640 : 641 90 541 770 
641 : 640 325 48 458 685 955 
642 : 406 804 607 584 710 
643 : 41 42 624 994 
644 : 503 16 
645 : 375 913 953 
646 : 500 943 613 293 
647 : 222 909 
648 : 182 599 
649 : 221 423 166 770 
650 : 92 293 574 515 
651 : 161 859 423 
652 : 654 891 375 871 
653 : 573 41 779 372 960 
654 : 652 656 816 579 
655 : 387 469 699 
656 : 654 418 266 229 
657 : 541 799 784 3 125 
658 : 660 534 833 
659 : 660 947 417 117 
660 : 659 658 25 890 356 
661 : 356 502 614 504 
662 : 567 135 131 94 977 
663 : 435 104 143 201 341 
664 : 666 173 
665 : 236 531 899 243 869 
666 : 664 573 332 954 
667 : 668 927 
668 : 667 669 48 
669 : 668 522 808 837 
670 : 234 453 
671 : 182 746 447 
672 : 673 530 895 
673 : 672 792 382 927 
674 : 675 222 497 218 87 
675 : 674 603 415 978 226 512 356 
676 : 636 25 
677 : 683 611 
678 : 134 519 577 
679 : 313 535 918 705 
680 : 394 209 
681 : 887 261 486 775 
682 : 968 56 
683 : 516 677 973 987 
684 : 685 288 264 
685 : 684 947 641 260 
686 : 264 228 850 869 493 767 
687 : 689 126 332 
688 : 690 473 557 611 
689 : 687 691 374 609 56 993 619 
690 : 691 688 692 
691 : 690 692 689 693 740 361 
692 : 691 690 529 938 289 490 
693 : 691 337 633 279 
694 : 695 194 878 
695 : 694 696 755 523 
696 : 695 325 50 523 769 
697 : 699 350 572 832 
698 : 39 35 283 
699 : 697 291 806 655 777 866 
700 : 34 168 385 386 536 
701 : 194 518 
702 : 704 363 747 
703 : 456 542 990 
704 : 702 858 384 271 
705 : 425 934 121 679 
706 : 780 615 177 
707 : 93 272 446 440 834 526 905 
708 : 205 458 290 195 317 830 911 
709 : 572 357 942 716 
710 : 313 771 642 739 
711 : 180 410 137 136 243 
712 : 713 118 747 537 236 
713 : 712 715 510 827 116 
714 : 297 301 197 
715 : 713 717 279 359 442 7 932 
716 : 717 827 709 
717 : 716 715 256 890 950 
718 : 720 95 
719 : 600 265 753 
720 : 721 718 558 756 
721 : 720 722 743 388 
722 : 721 619 199 160 
723 : 725 53 589 83 
724 : 66 524 610 529 612 374 
725 : 723 727 323 556 337 225 
726 : 728 842 742 522 
727 : 725 334 969 840 
728 : 726 811 868 
729 : 731 80 893 
730 : 123 862 
731 : 729 395 557 832 740 
732 : 734 235 389 
733 : 734 777 
734 : 733 732 394 753 466 
735 : 737 517 447 83 181 
736 : 427 937 223 313 
737 : 735 485 521 92 
738 : 401 802 610 996 
739 : 740 487 710 
740 : 739 298 348 552 691 731 790 
741 : 629 216 208 
742 : 726 375 
743 : 3 721 392 446 861 
744 : 746 474 385 
745 : 931 230 
746 : 744 748 113 671 915 344 525 
747 : 389 712 280 702 912 
748 : 749 746 50 962 276 796 883 
749 : 748 83 40 13 589 810 
750 : 752 37 426 297 524 
751 : 752 249 816 
752 : 751 750 188 590 
753 : 619 734 719 211 
754 : 755 896 614 
755 : 754 695 242 816 
756 : 757 339 720 330 
757 : 756 767 11 36 
758 : 759 760 461 229 
759 : 758 456 215 971 57 274 590 348 810 
760 : 758 4 95 222 615 
761 : 762 763 114 950 444 
762 : 761 968 807 8 267 269 337 586 323 797 
763 : 761 401 91 140 
764 : 765 204 232 984 
765 : 764 860 109 798 
766 : 227 425 314 
767 : 768 769 757 798 40 321 345 686 
768 : 767 244 252 952 
769 : 767 325 970 478 696 
770 : 518 78 603 640 649 939 
771 : 602 710 198 341 
772 : 263 633 
773 : 774 615 199 839 
774 : 773 634 4 372 
775 : 327 681 857 833 
776 : 4 802 971 
777 : 605 699 733 970 902 
778 : 563 510 278 981 
779 : 251 653 148 483 
780 : 493 543 706 806 923 
781 : 782 203 984 
782 : 781 784 43 
783 : 253 638 881 939 311 896 867 
784 : 782 657 461 
785 : 252 849 
786 : 38 842 863 
787 : 96 323 3 
788 : 790 612 
789 : 103 260 
790 : 788 958 740 986 
791 : 792 793 108 208 
792 : 791 793 304 508 593 673 931 366 480 497 
793 : 792 791 795 43 351 
794 : 795 455 174 
795 : 794 793 420 585 463 274 
796 : 797 930 748 8 
797 : 796 798 156 455 200 762 
798 : 797 767 765 806 
799 : 801 657 848 903 980 
800 : 202 810 186 355 
801 : 799 211 545 
802 : 804 738 776 
803 : 104 342 
804 : 805 802 642 429 184 
805 : 804 349 889 260 
806 : 238 699 780 870 798 498 
807 : 809 439 568 762 844 127 128 
808 : 809 669 513 129 
809 : 808 807 633 898 574 
810 : 124 800 816 836 854 2 749 759 
811 : 812 196 728 147 
812 : 811 813 612 430 
813 : 812 853 86 978 
814 : 815 449 907 
815 : 814 816 635 846 
816 : 815 654 810 383 751 755 331 848 
817 : 818 632 949 
818 : 817 400 603 74 125 638 
819 : 820 533 
820 : 819 974 885 343 170 868 
821 : 822 823 
822 : 821 476 448 
823 : 821 825 193 122 931 
824 : 925 513 
825 : 823 101 855 939 
826 : 608 386 
827 : 713 716 860 98 565 626 518 
828 : 116 979 
829 : 263 339 569 
830 : 831 708 935 898 
831 : 830 251 977 203 
832 : 577 508 731 697 
833 : 337 658 22 180 775 
834 : 707 60 172 557 
835 : 89 954 433 41 
836 : 810 16 
837 : 839 243 669 
838 : 840 246 302 358 879 
839 : 840 837 532 101 773 
840 : 839 838 864 959 105 227 727 
841 : 366 82 245 403 
842 : 76 726 871 786 77 
843 : 924 988 24 97 957 
844 : 270 335 807 103 507 
845 : 150 877 326 49 
846 : 847 89 815 
847 : 846 848 443 849 
848 : 847 799 613 816 
849 : 127 915 785 847 
850 : 686 876 
851 : 852 347 506 173 
852 : 851 853 579 
853 : 852 855 813 466 173 
854 : 810 161 6 
855 : 853 857 452 825 405 106 
856 : 328 74 
857 : 855 285 888 775 374 
858 : 860 704 445 309 921 
859 : 861 140 651 
860 : 858 765 827 23 
861 : 862 859 439 743 
862 : 861 346 892 994 730 494 
863 : 148 897 188 786 988 
864 : 840 589 232 
865 : 866 969 973 119 212 962 
866 : 865 152 438 308 699 878 
867 : 117 783 
868 : 869 465 728 820 
869 : 868 326 686 665 504 
870 : 806 373 191 98 
871 : 842 23 515 652 
872 : 873 170 295 84 
873 : 872 875 394 
874 : 558 577 371 251 513 
875 : 873 354 423 191 
876 : 217 414 850 293 
877 : 845 271 523 
878 : 547 694 866 
879 : 175 838 631 613 
880 : 881 154 52 
881 : 880 882 186 783 272 352 633 
882 : 881 250 277 380 
883 : 291 185 418 748 
884 : 158 919 
885 : 345 820 144 634 636 
886 : 135 325 314 
887 : 889 681 295 
888 : 320 460 857 591 35 
889 : 887 234 805 169 104 33 
890 : 892 660 717 283 
891 : 652 970 162 504 93 
892 : 890 862 958 
893 : 894 895 729 953 65 
894 : 893 948 551 540 
895 : 893 440 672 185 
896 : 754 783 445 
897 : 402 863 560 911 
898 : 228 809 830 
899 : 665 389 949 238 
900 : 261 425 573 
901 : 254 23 6 
902 : 177 396 777 
903 : 799 254 
904 : 312 938 996 481 118 944 
905 : 487 707 
906 : 150 393 
907 : 908 63 164 814 
908 : 907 909 910 382 
909 : 908 940 956 16 647 92 
910 : 911 908 502 50 
911 : 910 1 20 897 708 915 
912 : 913 747 
913 : 912 363 645 354 
914 : 428 617 
915 : 746 849 963 376 911 
916 : 926 412 951 
917 : 482 632 46 957 922 
918 : 1000 284 389 679 366 
919 : 920 638 884 570 
920 : 919 598 339 138 309 987 
921 : 404 998 858 
922 : 924 150 917 
923 : 171 595 780 369 
924 : 922 843 11 493 
925 : 239 504 824 77 27 
926 : 927 525 916 599 386 
927 : 926 187 494 623 667 673 215 
928 : 929 631 
929 : 928 930 604 
930 : 929 631 796 230 637 
931 : 32 464 745 792 823 
932 : 315 438 715 
933 : 934 420 
934 : 933 935 705 562 957 
935 : 934 430 375 189 830 435 
936 : 938 569 523 214 588 
937 : 939 736 
938 : 936 166 904 692 427 
939 : 937 783 255 770 825 22 
940 : 909 981 84 
941 : 549 517 287 
942 : 422 951 709 349 
943 : 945 71 133 646 
944 : 315 281 496 904 
945 : 943 136 131 562 
946 : 334 496 257 133 967 
947 : 437 685 659 227 
948 : 950 411 894 951 270 
949 : 899 554 817 
950 : 948 761 221 717 395 
951 : 942 948 24 916 
952 : 413 580 768 
953 : 955 893 645 
954 : 122 835 961 666 
955 : 953 177 294 641 
956 : 958 909 618 
957 : 502 917 843 934 
958 : 956 960 790 526 892 
959 : 840 520 
960 : 958 13 498 653 
961 : 954 576 429 
962 : 748 479 865 
963 : 964 965 211 915 
964 : 963 965 621 
965 : 964 963 967 354 
966 : 155 171 577 
967 : 965 115 146 978 464 946 
968 : 969 158 682 762 287 
969 : 968 117 865 629 727 632 
970 : 972 401 518 891 769 777 
971 : 275 759 468 776 
972 : 973 970 290 562 88 
973 : 972 975 683 865 
974 : 975 976 820 
975 : 974 973 986 291 
976 : 977 974 978 
977 : 976 167 407 831 662 
978 : 976 539 967 675 264 421 813 213 
979 : 322 162 828 398 
980 : 129 799 600 
981 : 940 626 778 
982 : 275 141 
983 : 985 42 95 
984 : 985 414 781 764 
985 : 984 983 987 111 184 228 
986 : 9 975 65 637 790 
987 : 985 375 143 683 920 
988 : 843 863 
989 : 215 604 288 
990 : 991 393 703 
991 : 990 992 575 232 440 433 
992 : 991 24 431 62 8 
993 : 492 689 389 
994 : 862 643 
995 : 621 1 218 
996 : 138 904 738 249 
997 : 998 999 625 
998 : 997 921 391 
999 : 997 479 630 454 175 
1000 : 1 605 918 391 382 
