1 : 2 843 289 
2 : 1 1000 183 281 
3 : 5 844 208 536 562 903 
4 : 6 933 644 911 
5 : 6 3 274 655 395 93 
6 : 5 4 546 898 706 
7 : 586 73 366 874 967 
8 : 9 10 176 802 
9 : 8 10 11 919 989 431 
10 : 9 11 8 160 394 404 337 378 510 
11 : 10 9 825 847 991 
12 : 13 107 222 
13 : 12 807 321 929 
14 : 869 531 771 827 
15 : 16 96 
16 : 15 834 683 942 642 931 947 
17 : 18 941 122 
18 : 17 24 985 
19 : 21 728 239 922 
20 : 21 548 775 
21 : 20 19 618 982 485 915 
22 : 741 271 
23 : 24 433 759 791 220 
24 : 23 25 18 50 440 
25 : 24 193 233 948 
26 : 851 692 820 
27 : 28 532 
28 : 27 103 525 207 
29 : 30 764 40 
30 : 29 68 108 710 100 632 
31 : 33 197 
32 : 296 198 
33 : 31 460 183 
34 : 36 39 903 
35 : 36 37 637 
36 : 35 34 41 805 789 293 
37 : 35 90 396 
38 : 573 329 
39 : 40 34 756 476 960 
40 : 39 847 101 29 166 
41 : 42 36 588 539 
42 : 41 43 132 588 74 162 178 629 
43 : 42 165 691 746 
44 : 185 717 
45 : 734 211 145 826 
46 : 48 359 96 194 365 
47 : 48 877 120 456 805 
48 : 47 46 65 202 
49 : 51 506 587 
50 : 52 24 742 
51 : 49 53 719 
52 : 50 67 923 652 
53 : 54 51 55 126 399 930 475 
54 : 53 511 276 305 831 
55 : 53 882 544 
56 : 511 297 590 593 391 529 
57 : 845 853 319 
58 : 59 359 656 867 962 504 945 
59 : 58 721 262 388 549 131 217 
60 : 196 873 880 566 187 
61 : 62 207 991 
62 : 61 454 582 
63 : 959 154 639 617 213 283 388 570 
64 : 747 331 251 
65 : 66 48 487 443 
66 : 65 119 997 487 
67 : 69 52 441 476 751 
68 : 30 749 270 831 
69 : 67 769 255 558 
70 : 72 215 342 306 493 
71 : 784 882 430 595 611 
72 : 70 617 389 866 
73 : 7 269 258 722 
74 : 75 702 42 
75 : 74 804 325 95 392 
76 : 367 206 589 407 
77 : 677 979 980 
78 : 132 216 358 
79 : 80 638 508 
80 : 79 82 675 455 
81 : 564 335 753 694 
82 : 80 930 155 707 136 
83 : 84 217 505 
84 : 83 693 871 597 
85 : 87 285 157 375 496 
86 : 88 438 
87 : 85 863 112 521 749 768 
88 : 86 193 896 
89 : 268 751 
90 : 91 37 288 
91 : 90 92 93 755 664 793 
92 : 91 94 625 174 964 
93 : 91 138 5 
94 : 92 991 980 823 
95 : 96 650 75 714 
96 : 95 46 255 15 547 
97 : 432 738 332 
98 : 99 102 
99 : 98 372 800 540 
100 : 772 286 448 30 142 
101 : 40 553 512 544 762 
102 : 759 338 98 548 249 
103 : 28 108 472 910 251 112 495 700 806 
104 : 106 549 
105 : 107 260 268 890 
106 : 104 632 652 936 759 551 970 
107 : 105 12 288 318 
108 : 103 30 334 
109 : 746 721 873 
110 : 111 807 918 
111 : 110 112 210 848 941 231 
112 : 111 87 103 
113 : 115 155 818 
114 : 586 291 612 916 
115 : 116 113 840 656 
116 : 115 147 525 984 890 869 
117 : 562 291 614 421 
118 : 763 339 368 628 647 994 438 
119 : 66 281 677 268 
120 : 869 47 750 
121 : 693 203 
122 : 968 481 869 17 353 601 
123 : 124 700 620 
124 : 123 126 631 332 324 
125 : 126 280 725 
126 : 125 124 53 592 220 435 
127 : 628 659 
128 : 130 254 708 
129 : 130 765 
130 : 129 128 518 497 
131 : 476 59 
132 : 78 42 351 
133 : 570 914 552 
134 : 136 411 144 161 
135 : 137 541 619 
136 : 134 746 82 623 300 
137 : 135 238 356 836 
138 : 93 774 222 
139 : 511 995 758 
140 : 721 905 319 436 
141 : 142 623 
142 : 141 158 100 
143 : 946 866 322 594 
144 : 775 197 287 134 
145 : 147 218 298 358 45 
146 : 147 148 539 
147 : 146 148 145 116 513 
148 : 147 146 561 187 240 241 
149 : 150 361 
150 : 149 151 340 640 260 
151 : 150 229 863 938 442 
152 : 409 381 271 
153 : 896 517 
154 : 63 372 586 290 878 
155 : 113 82 859 
156 : 766 318 679 879 
157 : 85 243 557 378 
158 : 142 497 397 
159 : 392 949 
160 : 10 933 211 
161 : 425 384 134 343 
162 : 285 928 42 674 
163 : 819 681 
164 : 962 581 261 779 
165 : 43 395 915 444 
166 : 487 40 
167 : 168 681 995 
168 : 167 169 598 695 869 556 882 
169 : 168 170 171 716 401 
170 : 169 366 554 855 604 
171 : 169 732 521 176 
172 : 938 183 609 242 417 
173 : 175 926 447 
174 : 92 669 553 
175 : 173 349 314 558 590 
176 : 748 631 171 8 747 923 
177 : 754 951 
178 : 866 423 42 
179 : 748 868 557 655 939 
180 : 418 240 329 208 440 
181 : 497 296 768 915 585 731 899 
182 : 291 744 532 366 
183 : 2 172 33 326 506 
184 : 185 682 826 264 
185 : 184 186 44 720 324 
186 : 185 261 549 
187 : 188 235 148 60 468 
188 : 187 190 560 
189 : 980 834 277 374 
190 : 188 742 793 
191 : 192 703 211 
192 : 191 683 462 951 571 
193 : 25 88 902 711 587 403 844 
194 : 46 345 947 635 291 
195 : 209 719 707 514 679 
196 : 60 639 900 
197 : 31 144 561 425 591 
198 : 822 32 527 518 713 
199 : 200 884 
200 : 199 201 863 796 
201 : 200 202 454 609 705 
202 : 201 203 48 759 
203 : 202 671 121 406 
204 : 336 383 559 814 
205 : 207 946 964 
206 : 76 878 633 672 919 955 
207 : 205 931 333 488 630 61 28 
208 : 3 442 645 180 964 
209 : 195 238 401 519 949 
210 : 111 827 268 
211 : 45 413 191 160 281 
212 : 727 251 558 831 
213 : 214 63 
214 : 213 215 873 573 
215 : 214 70 442 598 491 
216 : 217 876 78 227 
217 : 216 959 319 83 59 822 928 
218 : 145 559 976 983 
219 : 918 788 947 
220 : 551 1000 126 23 231 918 
221 : 253 690 
222 : 591 12 138 632 280 
223 : 464 730 607 
224 : 738 643 819 552 
225 : 226 227 830 
226 : 225 811 344 
227 : 228 225 897 216 933 
228 : 227 385 961 982 
229 : 151 259 592 998 
230 : 231 334 627 
231 : 230 232 111 220 
232 : 231 245 462 
233 : 235 729 25 
234 : 235 680 306 941 
235 : 234 233 237 187 363 
236 : 762 326 733 640 781 980 
237 : 235 946 627 310 
238 : 137 209 707 781 910 944 
239 : 19 441 765 
240 : 180 148 823 
241 : 384 498 148 
242 : 542 787 172 
243 : 157 272 973 
244 : 703 257 637 974 
245 : 232 736 283 822 520 
246 : 438 929 980 689 
247 : 248 751 618 
248 : 247 481 588 262 739 
249 : 827 714 102 
250 : 252 478 
251 : 212 103 64 301 
252 : 250 254 794 490 570 614 
253 : 255 221 678 667 
254 : 252 128 304 315 460 290 
255 : 253 96 316 69 605 
256 : 257 258 667 347 
257 : 256 259 244 
258 : 259 256 260 73 
259 : 258 257 229 293 971 821 909 
260 : 258 105 726 150 
261 : 186 493 164 750 
262 : 59 411 248 447 
263 : 846 542 770 804 405 
264 : 369 184 465 885 
265 : 267 935 400 379 
266 : 593 373 427 736 976 908 
267 : 265 897 807 521 
268 : 89 105 210 119 
269 : 271 73 568 370 
270 : 68 901 772 444 
271 : 269 278 22 152 393 753 842 
272 : 306 243 920 
273 : 362 303 836 
274 : 5 754 
275 : 277 617 579 901 
276 : 54 463 315 719 
277 : 278 275 279 485 772 189 288 
278 : 277 271 550 519 385 574 
279 : 277 774 728 
280 : 125 222 418 
281 : 282 119 2 211 
282 : 281 284 812 
283 : 245 471 694 63 
284 : 282 788 913 413 466 
285 : 85 162 903 611 
286 : 100 323 546 
287 : 144 996 771 
288 : 107 90 277 640 
289 : 290 1 414 
290 : 289 291 254 154 
291 : 290 182 117 975 114 194 
292 : 685 356 835 
293 : 294 259 728 36 462 
294 : 293 709 317 
295 : 296 586 998 
296 : 295 32 181 811 468 410 954 
297 : 56 757 346 807 
298 : 300 145 389 739 813 434 733 
299 : 301 329 
300 : 298 816 136 
301 : 299 343 456 251 
302 : 303 733 432 996 
303 : 302 273 916 
304 : 254 881 951 941 546 
305 : 54 332 
306 : 272 912 234 70 
307 : 703 906 927 
308 : 309 351 326 
309 : 308 310 377 711 
310 : 309 311 237 312 
311 : 310 312 351 665 863 
312 : 311 844 821 310 
313 : 333 739 
314 : 175 978 
315 : 317 254 276 867 
316 : 318 255 524 
317 : 315 406 294 938 580 760 
318 : 316 156 470 107 645 498 784 
319 : 217 823 57 140 
320 : 321 931 729 
321 : 320 13 699 697 
322 : 603 143 
323 : 286 653 831 
324 : 987 185 124 557 746 
325 : 728 75 561 
326 : 236 183 308 360 
327 : 329 608 838 335 511 
328 : 329 381 548 341 972 
329 : 328 327 299 180 38 982 
330 : 575 376 
331 : 333 744 64 
332 : 124 600 305 97 575 832 
333 : 331 313 207 417 
334 : 934 616 108 230 688 605 
335 : 81 801 327 
336 : 337 338 204 406 578 
337 : 336 496 771 10 
338 : 336 340 102 990 
339 : 118 624 904 640 813 
340 : 338 150 573 
341 : 835 328 707 424 
342 : 344 70 409 737 
343 : 301 966 161 
344 : 342 346 574 226 
345 : 347 194 
346 : 344 999 297 
347 : 345 829 256 
348 : 476 871 444 
349 : 351 175 551 
350 : 352 595 
351 : 349 353 441 621 132 308 311 
352 : 350 843 815 891 
353 : 351 704 122 
354 : 620 913 752 952 
355 : 356 861 
356 : 355 358 292 137 
357 : 359 692 
358 : 356 145 78 457 
359 : 357 361 46 58 989 
360 : 895 954 326 
361 : 359 405 149 646 
362 : 363 364 273 645 
363 : 362 550 235 
364 : 365 362 952 
365 : 364 409 46 
366 : 170 7 182 
367 : 76 721 722 630 892 
368 : 118 600 
369 : 371 264 981 
370 : 371 512 269 
371 : 370 369 373 678 385 
372 : 374 99 154 641 841 
373 : 371 266 626 401 
374 : 372 637 189 
375 : 85 664 
376 : 377 330 528 496 
377 : 376 309 539 857 719 854 
378 : 998 612 157 10 
379 : 945 475 611 265 857 
380 : 381 417 904 
381 : 380 328 152 984 
382 : 572 877 
383 : 204 818 921 490 
384 : 241 161 627 633 822 
385 : 387 228 371 534 793 278 942 
386 : 907 420 941 
387 : 388 385 937 512 559 
388 : 387 59 63 
389 : 298 72 745 
390 : 908 654 571 
391 : 714 56 
392 : 159 848 75 
393 : 842 271 993 
394 : 10 439 
395 : 165 634 5 401 
396 : 542 37 719 
397 : 939 158 823 772 
398 : 399 400 601 689 861 453 584 
399 : 398 53 820 
400 : 398 265 973 865 
401 : 402 916 209 373 395 169 
402 : 401 403 657 
403 : 402 404 193 623 
404 : 403 830 879 10 558 
405 : 407 361 761 640 263 
406 : 407 317 203 336 
407 : 406 408 405 806 76 833 
408 : 407 409 477 774 850 929 
409 : 408 152 365 342 493 889 933 
410 : 411 296 
411 : 410 134 262 768 
412 : 885 749 615 
413 : 211 894 284 467 
414 : 415 289 858 
415 : 414 482 726 942 
416 : 666 948 
417 : 779 333 380 172 
418 : 419 180 280 
419 : 418 420 421 624 
420 : 419 386 533 
421 : 419 423 981 117 
422 : 424 953 
423 : 421 178 877 
424 : 425 422 341 
425 : 424 426 161 967 197 851 976 
426 : 425 428 946 528 
427 : 429 266 757 
428 : 426 430 619 706 
429 : 427 431 887 
430 : 428 558 750 71 
431 : 429 992 638 9 461 
432 : 97 590 491 302 
433 : 23 630 
434 : 435 298 841 
435 : 434 660 503 126 696 905 
436 : 437 457 140 
437 : 436 752 503 
438 : 86 246 895 118 686 
439 : 814 394 537 943 
440 : 789 453 24 180 
441 : 67 351 239 749 859 
442 : 215 208 151 520 
443 : 444 65 765 
444 : 443 905 603 670 835 165 348 270 
445 : 446 447 824 
446 : 445 448 962 
447 : 445 173 986 262 499 
448 : 446 450 100 524 
449 : 451 680 
450 : 451 448 452 
451 : 450 452 449 453 962 
452 : 451 450 454 620 754 
453 : 451 440 398 
454 : 452 456 62 201 
455 : 932 80 
456 : 454 301 47 486 
457 : 436 358 
458 : 572 668 908 
459 : 460 751 
460 : 459 462 33 254 856 
461 : 714 431 979 
462 : 460 192 232 293 
463 : 276 677 951 765 
464 : 465 223 934 640 716 
465 : 464 571 822 264 674 653 
466 : 661 943 284 
467 : 833 413 950 
468 : 645 296 187 708 
469 : 655 681 
470 : 472 318 565 
471 : 283 998 705 
472 : 470 474 103 
473 : 475 671 
474 : 475 472 688 
475 : 474 473 379 538 53 788 
476 : 131 348 840 799 39 67 
477 : 408 796 
478 : 480 250 789 
479 : 481 631 522 
480 : 481 478 482 794 
481 : 480 479 248 122 917 
482 : 483 480 415 504 649 
483 : 482 776 507 756 
484 : 485 632 497 
485 : 484 277 21 794 
486 : 487 509 839 456 587 676 
487 : 486 489 166 65 632 66 
488 : 207 900 
489 : 490 487 491 
490 : 489 252 383 978 
491 : 489 432 837 215 533 
492 : 493 726 507 
493 : 492 261 409 921 985 70 586 884 
494 : 495 520 645 801 
495 : 494 836 103 
496 : 337 85 939 376 985 
497 : 498 158 181 130 484 
498 : 497 241 318 
499 : 704 940 447 699 816 
500 : 898 991 966 
501 : 652 866 849 
502 : 793 957 850 
503 : 505 435 437 641 
504 : 505 506 935 58 482 886 
505 : 504 506 503 83 
506 : 505 504 49 738 183 789 
507 : 984 802 905 483 492 
508 : 879 828 917 79 
509 : 486 783 587 709 
510 : 722 10 810 
511 : 512 54 56 139 327 
512 : 511 370 658 757 387 101 769 
513 : 515 838 147 770 887 
514 : 972 195 531 838 
515 : 513 709 664 998 
516 : 517 738 
517 : 516 518 696 153 656 782 898 
518 : 517 130 970 572 925 198 
519 : 278 209 
520 : 494 657 896 442 245 572 
521 : 171 87 267 542 752 
522 : 899 479 
523 : 525 778 
524 : 448 316 
525 : 523 116 28 777 
526 : 527 603 
527 : 526 529 662 571 198 
528 : 532 545 773 376 426 
529 : 527 966 578 56 
530 : 531 891 
531 : 530 731 14 514 589 
532 : 534 528 906 27 182 588 
533 : 631 420 491 
534 : 532 385 688 
535 : 742 900 914 
536 : 3 935 872 
537 : 556 439 998 692 
538 : 475 823 650 
539 : 377 872 41 146 
540 : 541 99 649 
541 : 540 542 135 657 
542 : 541 242 396 263 521 900 
543 : 544 571 
544 : 543 790 55 101 803 
545 : 528 558 
546 : 6 925 956 286 304 977 
547 : 973 96 639 
548 : 328 769 20 102 874 
549 : 551 104 623 752 836 988 59 186 
550 : 551 278 363 849 
551 : 550 549 220 349 932 106 577 
552 : 975 224 133 
553 : 637 101 174 735 
554 : 170 687 
555 : 556 557 850 
556 : 555 557 537 168 
557 : 556 555 157 179 324 
558 : 559 430 175 212 404 545 69 
559 : 558 218 684 204 387 
560 : 188 912 896 
561 : 563 148 197 699 325 
562 : 117 3 872 
563 : 564 561 565 615 876 
564 : 563 81 991 663 566 821 
565 : 563 470 709 
566 : 567 60 564 907 
567 : 566 568 795 
568 : 567 269 724 
569 : 571 581 693 732 999 
570 : 133 252 63 734 
571 : 569 465 527 644 390 543 192 670 
572 : 382 458 518 520 
573 : 574 38 634 340 214 
574 : 573 575 344 914 278 
575 : 574 330 894 332 934 
576 : 577 676 
577 : 576 936 551 
578 : 529 336 764 855 
579 : 275 874 747 
580 : 719 317 
581 : 569 164 870 617 
582 : 659 946 62 779 800 
583 : 584 946 
584 : 583 727 398 
585 : 586 181 
586 : 585 7 114 295 154 493 982 
587 : 49 193 509 486 
588 : 41 42 248 532 
589 : 76 531 
590 : 432 56 175 
591 : 592 222 197 888 
592 : 591 126 849 892 229 853 880 
593 : 594 266 798 56 975 
594 : 593 826 143 
595 : 596 350 71 673 
596 : 595 664 733 
597 : 621 84 710 
598 : 600 168 215 
599 : 774 893 
600 : 598 602 332 368 683 
601 : 398 122 
602 : 600 604 941 977 971 
603 : 322 444 526 880 
604 : 605 602 170 736 
605 : 604 606 255 334 
606 : 605 607 608 
607 : 606 916 223 
608 : 609 606 610 327 957 
609 : 608 201 778 172 918 723 
610 : 611 608 943 
611 : 610 379 285 71 
612 : 378 114 
613 : 953 694 799 
614 : 117 843 252 
615 : 563 412 
616 : 334 911 
617 : 619 72 275 924 63 581 
618 : 21 927 740 247 
619 : 617 428 887 135 
620 : 621 354 452 969 123 
621 : 620 623 597 351 
622 : 624 998 
623 : 621 549 642 136 141 403 
624 : 622 339 419 761 
625 : 626 92 641 671 
626 : 625 373 702 
627 : 384 237 230 
628 : 127 118 713 905 
629 : 630 42 
630 : 629 207 675 730 747 433 367 678 
631 : 124 479 533 176 883 
632 : 106 487 222 484 30 759 
633 : 384 206 
634 : 636 395 573 
635 : 637 739 194 748 
636 : 634 638 671 
637 : 635 374 553 35 244 940 763 
638 : 636 640 431 704 79 
639 : 641 196 63 547 851 
640 : 638 405 150 236 339 464 288 
641 : 639 372 625 503 856 
642 : 643 623 16 951 
643 : 642 645 224 706 
644 : 571 4 
645 : 643 468 208 318 494 362 682 
646 : 647 361 804 
647 : 646 649 118 834 
648 : 649 735 702 661 839 
649 : 648 650 647 681 991 540 482 
650 : 649 95 538 
651 : 867 927 884 
652 : 654 501 106 52 
653 : 323 465 
654 : 652 390 881 
655 : 469 5 179 
656 : 58 517 115 828 
657 : 659 520 717 402 541 921 
658 : 512 678 659 
659 : 660 657 582 127 658 
660 : 659 662 435 784 
661 : 662 466 648 920 
662 : 661 663 660 527 936 
663 : 662 664 665 564 715 
664 : 663 596 515 375 91 
665 : 666 663 311 
666 : 665 667 416 790 
667 : 666 256 253 
668 : 669 983 458 767 
669 : 668 174 684 688 
670 : 444 571 
671 : 672 203 473 636 625 
672 : 671 834 206 925 
673 : 958 595 
674 : 675 751 465 162 
675 : 674 80 630 951 932 
676 : 677 576 486 
677 : 676 77 463 119 790 
678 : 253 371 947 658 630 
679 : 738 156 195 
680 : 449 234 966 839 
681 : 683 649 163 167 469 897 
682 : 184 693 995 645 956 
683 : 681 192 16 600 
684 : 685 686 559 760 669 
685 : 684 292 996 883 
686 : 687 684 701 438 953 
687 : 686 688 689 885 554 
688 : 687 689 334 474 534 669 711 
689 : 688 687 398 246 
690 : 995 221 901 
691 : 693 43 848 
692 : 357 26 887 537 
693 : 691 84 121 682 569 
694 : 696 283 715 81 613 721 
695 : 697 168 780 
696 : 694 517 435 
697 : 698 695 321 
698 : 697 773 919 
699 : 561 321 499 
700 : 861 926 123 103 
701 : 703 686 785 
702 : 704 74 626 648 
703 : 701 705 244 307 191 762 
704 : 702 353 499 638 748 
705 : 706 703 920 201 471 716 783 
706 : 705 428 6 643 
707 : 709 238 82 195 341 
708 : 128 890 468 
709 : 707 294 515 855 565 509 
710 : 711 911 30 597 
711 : 710 193 309 688 
712 : 713 958 
713 : 712 628 198 
714 : 391 461 249 95 
715 : 694 663 
716 : 169 960 705 464 
717 : 719 657 44 
718 : 720 754 
719 : 717 51 580 195 377 396 276 
720 : 718 722 185 965 994 
721 : 59 140 367 109 694 
722 : 723 720 510 367 73 
723 : 722 724 609 
724 : 723 726 736 568 
725 : 756 125 784 
726 : 724 728 260 415 492 
727 : 212 584 864 748 774 
728 : 726 19 325 293 279 832 
729 : 233 823 817 320 
730 : 630 932 223 943 
731 : 531 882 860 918 942 181 
732 : 171 944 569 
733 : 236 302 596 298 797 
734 : 45 873 570 
735 : 737 648 553 
736 : 245 724 266 604 784 
737 : 735 739 342 
738 : 224 506 679 866 97 516 904 
739 : 737 635 298 313 248 
740 : 742 618 
741 : 742 743 22 
742 : 741 740 190 535 50 857 
743 : 741 851 781 
744 : 331 182 929 
745 : 746 906 389 957 940 
746 : 745 747 109 136 862 43 324 
747 : 746 64 630 579 176 
748 : 176 179 757 704 727 635 
749 : 68 441 412 87 
750 : 430 261 120 
751 : 674 89 247 459 67 
752 : 437 549 354 521 946 
753 : 81 271 
754 : 177 718 901 274 452 861 958 
755 : 91 822 
756 : 725 39 483 
757 : 748 512 297 427 
758 : 934 139 
759 : 102 23 106 202 632 
760 : 684 808 831 908 317 
761 : 405 824 624 
762 : 236 703 101 
763 : 118 915 637 
764 : 963 29 578 
765 : 766 129 239 443 463 
766 : 765 156 858 969 
767 : 768 769 668 936 
768 : 767 181 411 87 
769 : 767 69 548 512 
770 : 263 513 
771 : 337 287 14 
772 : 100 277 270 397 
773 : 775 698 528 
774 : 775 138 279 599 795 825 408 727 
775 : 774 776 773 144 20 
776 : 775 777 483 846 
777 : 776 778 779 525 
778 : 777 523 609 836 
779 : 777 417 809 582 164 
780 : 998 695 
781 : 782 238 743 236 
782 : 781 855 517 
783 : 509 865 705 
784 : 71 660 792 725 736 318 
785 : 786 701 
786 : 785 787 856 
787 : 786 242 817 
788 : 284 219 475 
789 : 790 440 478 810 36 506 
790 : 789 544 873 666 677 893 
791 : 792 23 991 
792 : 791 794 784 951 
793 : 502 385 190 91 
794 : 792 252 480 953 485 
795 : 797 774 567 
796 : 884 833 477 200 
797 : 798 795 733 
798 : 797 800 593 
799 : 476 613 
800 : 798 99 582 
801 : 335 494 833 
802 : 507 8 
803 : 804 544 
804 : 803 75 263 646 957 
805 : 36 47 
806 : 407 103 
807 : 13 110 267 297 
808 : 810 760 
809 : 810 779 852 
810 : 809 808 789 510 
811 : 813 226 296 
812 : 814 282 865 974 
813 : 811 298 339 
814 : 815 812 439 204 
815 : 814 817 352 
816 : 817 300 499 
817 : 816 815 729 950 787 984 
818 : 383 113 824 
819 : 821 163 224 
820 : 913 26 399 873 
821 : 819 312 259 564 
822 : 198 465 245 384 755 217 
823 : 729 319 94 397 538 240 
824 : 761 445 818 
825 : 827 11 774 
826 : 594 184 842 45 
827 : 825 249 210 14 906 
828 : 508 656 
829 : 830 831 347 
830 : 829 831 404 225 
831 : 830 829 760 54 68 323 212 
832 : 833 728 332 
833 : 832 467 796 407 801 
834 : 16 672 189 647 
835 : 837 341 444 292 
836 : 495 549 273 778 137 
837 : 835 839 491 
838 : 513 327 514 
839 : 837 486 948 680 648 
840 : 842 476 945 115 
841 : 372 434 843 
842 : 840 393 826 881 271 
843 : 352 614 1 841 
844 : 3 312 872 193 
845 : 846 57 985 
846 : 845 847 848 263 776 
847 : 846 849 40 11 
848 : 846 392 111 691 
849 : 847 592 501 550 876 
850 : 555 978 502 408 
851 : 852 26 743 425 639 
852 : 851 854 958 809 
853 : 855 57 592 
854 : 852 905 377 
855 : 853 709 782 170 578 
856 : 460 786 641 
857 : 377 963 742 379 865 
858 : 766 944 888 414 
859 : 861 939 155 441 
860 : 862 731 
861 : 859 700 398 355 754 
862 : 860 864 746 
863 : 87 151 200 311 
864 : 865 862 866 727 902 
865 : 864 812 783 400 857 
866 : 864 178 738 501 143 72 
867 : 651 58 315 
868 : 870 179 997 
869 : 14 120 122 168 116 
870 : 868 872 581 
871 : 873 348 84 
872 : 870 844 539 562 536 
873 : 871 875 734 790 60 109 214 820 
874 : 876 579 7 548 
875 : 876 873 877 
876 : 875 874 216 849 563 
877 : 878 875 879 47 382 423 
878 : 877 879 206 154 
879 : 878 877 508 404 156 
880 : 60 603 592 
881 : 304 842 899 654 914 
882 : 55 731 954 71 168 
883 : 885 918 631 685 
884 : 796 968 199 651 493 
885 : 883 412 687 264 
886 : 887 504 
887 : 886 429 619 692 513 
888 : 858 591 
889 : 891 409 
890 : 708 116 105 
891 : 889 893 957 352 530 
892 : 592 367 
893 : 894 891 599 790 931 
894 : 893 896 575 413 
895 : 896 360 438 998 
896 : 895 894 153 520 88 560 939 
897 : 267 227 681 
898 : 500 6 517 
899 : 522 881 181 
900 : 901 196 488 535 542 
901 : 900 754 270 690 275 
902 : 904 193 864 
903 : 285 34 3 
904 : 902 339 738 380 
905 : 444 854 507 909 933 140 628 435 
906 : 532 745 307 827 
907 : 908 386 566 
908 : 907 390 760 266 458 
909 : 905 259 
910 : 103 238 
911 : 710 616 4 
912 : 913 914 306 560 
913 : 912 915 820 354 284 
914 : 912 574 133 881 535 
915 : 913 763 165 181 21 
916 : 607 401 303 114 
917 : 919 508 481 
918 : 219 883 731 110 609 220 
919 : 917 9 698 206 
920 : 705 272 661 
921 : 493 383 657 
922 : 924 19 
923 : 52 176 
924 : 925 922 926 617 961 
925 : 924 546 518 672 
926 : 924 928 173 700 
927 : 618 651 307 
928 : 926 162 217 
929 : 246 13 744 408 
930 : 932 82 53 
931 : 932 207 320 893 16 
932 : 931 930 455 551 730 675 935 
933 : 935 4 905 160 227 409 
934 : 334 758 464 575 
935 : 933 265 504 536 932 
936 : 577 106 662 767 
937 : 939 387 
938 : 940 172 151 317 992 
939 : 937 397 859 496 896 179 
940 : 938 499 637 745 
941 : 602 111 17 304 386 234 
942 : 731 16 415 385 
943 : 466 610 730 439 
944 : 945 732 858 238 
945 : 944 946 379 840 58 
946 : 945 143 205 237 426 582 583 752 
947 : 678 194 219 16 969 
948 : 839 416 25 959 981 
949 : 991 987 159 209 
950 : 817 467 
951 : 792 304 177 192 463 675 642 
952 : 953 364 354 
953 : 952 422 613 794 686 
954 : 882 360 296 
955 : 956 968 206 
956 : 955 546 682 
957 : 891 502 745 804 608 
958 : 959 673 852 712 754 
959 : 958 960 63 217 948 
960 : 959 716 39 
961 : 228 924 
962 : 164 446 58 451 
963 : 965 764 857 
964 : 92 208 205 
965 : 963 967 720 
966 : 343 529 680 500 
967 : 965 425 7 
968 : 970 122 884 955 
969 : 620 766 947 
970 : 971 968 518 106 
971 : 970 259 602 
972 : 973 514 328 
973 : 972 547 400 243 
974 : 812 244 
975 : 977 552 291 593 
976 : 266 218 425 
977 : 975 602 546 
978 : 850 314 490 
979 : 77 461 
980 : 189 94 77 246 236 
981 : 982 369 421 948 
982 : 981 983 21 228 329 586 
983 : 982 668 218 
984 : 986 507 116 381 817 
985 : 493 18 845 496 
986 : 984 447 989 
987 : 989 324 949 
988 : 549 993 
989 : 987 9 986 359 
990 : 991 338 
991 : 990 94 564 949 649 11 500 791 61 
992 : 993 431 938 
993 : 992 994 988 393 
994 : 993 996 720 118 
995 : 690 682 139 167 
996 : 994 685 287 302 
997 : 66 868 
998 : 378 622 780 471 295 515 537 895 229 
999 : 1000 346 569 
1000 : 999 2 220 
