1 : 26 95 94 75 
2 : 4 44 
3 : 24 9 26 29 32 37 8 85 
4 : 2 6 72 
5 : 7 59 96 70 
6 : 4 38 94 55 
7 : 5 56 70 50 
8 : 97 39 3 46 
9 : 3 15 24 
10 : 12 16 69 85 65 
11 : 12 13 74 17 
12 : 11 13 10 46 
13 : 12 11 15 46 24 60 41 66 
14 : 69 52 89 33 
15 : 16 13 63 9 51 
16 : 15 10 97 30 29 
17 : 24 59 11 40 93 
18 : 81 75 76 
19 : 21 60 52 
20 : 22 86 93 34 
21 : 19 98 74 
22 : 20 24 82 38 
23 : 80 99 27 32 37 
24 : 22 3 17 13 9 
25 : 89 49 38 
26 : 28 1 3 48 51 
27 : 71 23 
28 : 26 43 97 39 
29 : 3 79 16 
30 : 93 88 16 50 86 
31 : 77 71 
32 : 3 23 43 
33 : 87 14 
34 : 35 20 
35 : 34 60 86 55 68 
36 : 37 68 79 
37 : 36 3 87 23 49 
38 : 6 22 81 90 25 
39 : 41 8 28 
40 : 47 17 88 
41 : 39 73 13 91 
42 : 44 64 76 
43 : 44 28 32 
44 : 43 45 42 46 2 92 
45 : 44 60 91 99 
46 : 47 44 13 8 12 71 
47 : 46 40 60 61 
48 : 50 26 62 
49 : 50 25 37 
50 : 49 48 100 30 7 
51 : 53 26 15 
52 : 14 19 81 90 
53 : 54 51 57 64 
54 : 53 55 56 
55 : 54 80 6 35 59 
56 : 57 54 58 7 71 
57 : 56 59 53 92 
58 : 59 56 80 100 77 
59 : 58 57 5 17 55 90 62 
60 : 62 19 35 45 47 13 61 
61 : 86 47 60 
62 : 60 48 84 59 
63 : 65 15 
64 : 65 42 53 100 
65 : 64 63 91 10 
66 : 82 13 71 
67 : 69 95 
68 : 36 35 
69 : 67 14 10 81 100 
70 : 71 7 5 84 
71 : 70 27 56 31 46 66 
72 : 74 4 80 
73 : 74 75 41 83 
74 : 73 72 11 78 21 88 
75 : 73 18 1 
76 : 77 18 42 
77 : 76 78 79 31 58 
78 : 77 74 85 
79 : 77 29 36 80 
80 : 23 55 72 58 79 85 
81 : 18 38 69 52 
82 : 83 22 66 91 
83 : 82 84 73 
84 : 83 62 70 
85 : 10 78 80 3 
86 : 20 61 35 30 98 
87 : 89 33 37 
88 : 30 74 40 
89 : 90 87 25 14 96 
90 : 89 38 59 52 
91 : 92 65 45 82 41 94 95 
92 : 91 44 57 
93 : 30 20 17 
94 : 6 1 91 
95 : 67 1 99 91 
96 : 98 5 89 
97 : 99 8 16 28 
98 : 99 96 21 86 
99 : 98 97 95 23 45 
100 : 50 58 64 69 
