1 : 2 99 56 65 72 
2 : 1 4 36 60 92 
3 : 88 38 16 
4 : 2 22 35 49 19 
5 : 45 41 25 62 86 
6 : 25 92 53 33 
7 : 8 51 
8 : 7 9 14 
9 : 8 10 93 73 
10 : 9 23 100 60 39 
11 : 12 88 98 28 43 67 
12 : 11 80 57 92 70 88 
13 : 18 39 72 91 96 69 
14 : 18 86 8 57 
15 : 17 74 66 83 
16 : 33 84 3 
17 : 15 84 53 
18 : 13 14 33 58 47 76 
19 : 20 4 
20 : 19 59 86 53 60 
21 : 75 68 98 25 
22 : 23 4 61 41 
23 : 22 25 10 97 75 
24 : 60 35 36 
25 : 23 6 85 21 5 
26 : 27 28 
27 : 26 28 53 34 80 
28 : 27 26 96 11 
29 : 44 89 94 
30 : 70 97 37 
31 : 32 80 98 
32 : 31 58 81 
33 : 34 16 18 6 74 
34 : 33 36 73 27 
35 : 4 76 24 92 54 
36 : 34 2 89 47 24 
37 : 39 86 30 52 59 
38 : 39 3 65 55 
39 : 38 37 13 10 
40 : 41 80 95 60 
41 : 40 79 5 22 93 97 
42 : 44 52 
43 : 57 87 11 
44 : 42 29 97 64 
45 : 5 90 58 82 56 
46 : 47 48 81 
47 : 46 36 69 18 72 
48 : 46 50 88 65 73 
49 : 50 4 64 
50 : 49 48 68 99 75 77 87 
51 : 76 7 64 
52 : 42 83 37 100 
53 : 27 6 17 20 
54 : 55 35 
55 : 54 72 73 78 38 
56 : 1 45 81 95 
57 : 59 43 12 14 
58 : 60 32 45 71 18 
59 : 60 57 20 37 
60 : 59 58 24 2 10 40 20 
61 : 94 22 64 81 
62 : 71 83 5 
63 : 64 100 
64 : 63 66 91 44 49 51 61 
65 : 1 38 48 
66 : 64 84 85 15 90 
67 : 84 11 
68 : 70 50 21 
69 : 47 13 95 
70 : 68 30 100 12 
71 : 73 62 58 
72 : 55 13 1 47 
73 : 71 34 55 9 48 96 
74 : 75 15 33 
75 : 74 21 23 50 88 
76 : 51 35 18 
77 : 78 50 
78 : 77 55 94 
79 : 41 99 84 
80 : 12 40 94 31 27 91 
81 : 46 32 56 61 
82 : 45 90 
83 : 52 62 15 
84 : 86 17 66 67 16 79 
85 : 87 25 66 
86 : 84 37 14 20 5 
87 : 85 43 50 
88 : 3 48 11 75 12 
89 : 91 36 29 
90 : 91 45 82 66 
91 : 90 89 64 13 80 
92 : 6 12 35 2 
93 : 9 41 
94 : 96 61 80 29 78 
95 : 40 69 56 
96 : 94 28 13 73 
97 : 23 44 30 41 
98 : 21 11 31 
99 : 1 79 50 
100 : 70 10 63 52 
