1 : 2 100 50 
2 : 1 100 37 84 
3 : 51 12 21 
4 : 48 87 100 69 
5 : 6 7 
6 : 5 8 13 16 44 49 
7 : 5 9 73 45 
8 : 6 24 68 70 71 
9 : 7 38 55 66 77 
10 : 46 98 73 84 
11 : 95 40 60 78 
12 : 13 23 76 3 91 55 
13 : 12 14 15 6 82 
14 : 13 71 89 55 16 
15 : 13 34 29 57 
16 : 6 14 
17 : 69 86 44 83 
18 : 20 41 37 79 91 96 
19 : 73 85 62 43 
20 : 18 47 74 29 
21 : 97 3 
22 : 27 88 
23 : 25 12 42 48 56 
24 : 26 8 80 99 
25 : 23 63 46 47 
26 : 24 42 47 85 
27 : 22 42 54 
28 : 98 44 
29 : 15 52 65 20 54 
30 : 46 85 88 
31 : 33 37 36 57 
32 : 100 33 56 77 
33 : 31 35 32 
34 : 15 50 98 59 90 
35 : 36 33 40 
36 : 35 37 31 74 
37 : 36 2 31 18 64 89 
38 : 9 88 72 75 
39 : 80 48 44 
40 : 11 35 63 
41 : 42 43 18 
42 : 41 26 27 88 23 86 
43 : 41 68 91 19 
44 : 69 17 28 39 6 
45 : 71 67 7 
46 : 48 10 30 75 25 60 
47 : 48 20 73 26 25 81 
48 : 47 46 4 39 23 61 75 
49 : 95 6 
50 : 34 54 1 93 
51 : 3 67 72 
52 : 29 71 53 
53 : 54 52 92 
54 : 53 55 50 27 29 
55 : 54 9 79 14 12 
56 : 32 23 
57 : 58 78 15 31 67 
58 : 57 59 72 63 93 
59 : 58 60 34 
60 : 59 11 63 46 
61 : 92 48 
62 : 63 64 19 70 
63 : 62 25 60 40 58 
64 : 62 37 78 
65 : 29 70 77 
66 : 67 93 9 75 
67 : 66 51 45 57 
68 : 70 43 8 
69 : 17 44 88 4 
70 : 68 65 97 8 62 
71 : 14 45 96 52 8 
72 : 38 51 58 76 
73 : 75 7 19 47 92 10 
74 : 100 83 95 20 36 
75 : 76 73 46 38 66 48 
76 : 75 78 12 72 
77 : 78 32 65 9 
78 : 77 76 57 11 64 79 
79 : 55 78 18 97 
80 : 82 24 39 88 
81 : 82 47 
82 : 81 80 96 13 
83 : 74 84 17 
84 : 83 2 10 
85 : 19 30 26 
86 : 17 42 
87 : 89 4 
88 : 38 42 69 80 91 22 30 
89 : 87 91 14 37 
90 : 94 34 
91 : 89 88 43 12 18 
92 : 61 73 53 
93 : 66 94 50 58 
94 : 96 90 93 
95 : 97 11 49 74 
96 : 97 94 71 82 18 
97 : 96 95 21 70 79 
98 : 28 10 34 99 
99 : 100 98 24 
100 : 99 1 2 32 74 4 
