1 : 6 70 41 64 
2 : 89 46 84 39 
3 : 5 60 41 89 
4 : 29 74 
5 : 3 23 31 28 80 
6 : 1 80 92 54 44 52 86 
7 : 8 12 86 22 
8 : 7 9 23 16 
9 : 8 10 89 61 
10 : 9 86 68 43 30 
11 : 19 97 88 
12 : 7 78 20 
13 : 23 37 44 53 61 48 
14 : 54 97 62 
15 : 16 24 25 66 
16 : 15 63 88 8 
17 : 21 18 73 
18 : 19 17 62 83 
19 : 18 21 11 80 
20 : 64 12 
21 : 19 17 68 62 66 
22 : 96 50 7 43 
23 : 5 13 95 8 62 51 
24 : 25 26 15 36 
25 : 24 91 58 80 90 15 
26 : 24 28 76 57 
27 : 41 96 98 
28 : 26 97 87 5 72 
29 : 4 99 36 
30 : 31 79 10 87 
31 : 30 76 41 5 51 67 74 
32 : 42 69 78 
33 : 42 98 
34 : 67 73 54 
35 : 36 70 
36 : 35 47 29 24 
37 : 39 13 
38 : 80 72 86 
39 : 37 53 73 95 2 
40 : 74 63 76 
41 : 27 31 1 3 43 100 
42 : 43 32 33 68 
43 : 42 54 10 22 41 
44 : 13 6 
45 : 50 62 
46 : 2 52 
47 : 36 97 64 
48 : 73 100 13 87 
49 : 96 66 
50 : 52 45 22 
51 : 52 31 23 
52 : 51 50 67 46 6 
53 : 39 13 72 
54 : 55 14 43 6 34 
55 : 54 97 85 71 
56 : 60 96 
57 : 66 84 85 26 
58 : 60 25 77 
59 : 60 71 
60 : 59 58 3 56 90 65 86 
61 : 13 9 78 
62 : 21 14 18 23 45 93 
63 : 16 40 78 
64 : 20 67 91 47 1 84 
65 : 60 97 
66 : 57 90 21 49 15 
67 : 68 34 52 64 83 31 
68 : 67 21 10 42 87 
69 : 32 88 
70 : 1 35 90 
71 : 74 59 55 75 91 
72 : 38 53 28 
73 : 48 39 34 17 
74 : 40 71 81 4 31 96 
75 : 76 71 
76 : 75 26 31 82 94 40 99 
77 : 58 87 
78 : 79 12 32 63 61 82 92 
79 : 78 81 30 95 
80 : 6 19 38 25 5 
81 : 79 83 74 99 
82 : 76 100 78 
83 : 81 67 18 99 
84 : 57 2 64 
85 : 57 55 92 98 
86 : 10 7 38 60 6 90 
87 : 28 48 68 77 30 
88 : 16 69 11 
89 : 90 2 9 3 
90 : 89 60 66 25 70 86 
91 : 25 64 71 
92 : 6 99 85 78 
93 : 94 95 98 62 
94 : 93 96 76 
95 : 93 23 39 79 
96 : 94 22 49 27 56 74 
97 : 99 28 47 55 14 11 65 
98 : 93 27 33 85 
99 : 97 29 81 92 76 83 
100 : 82 48 41 
