1 : 3 87 46 65 
2 : 4 27 64 
3 : 4 1 53 86 41 30 
4 : 3 5 2 6 74 
5 : 4 7 86 
6 : 4 8 75 
7 : 5 94 52 59 90 67 
8 : 9 6 95 43 23 
9 : 8 88 49 
10 : 11 12 35 13 
11 : 10 13 44 49 73 
12 : 10 14 68 
13 : 11 80 61 10 77 
14 : 12 40 30 95 22 
15 : 17 89 27 41 96 
16 : 18 47 55 98 
17 : 15 33 37 64 82 81 
18 : 19 16 20 
19 : 18 83 28 81 
20 : 18 78 63 85 92 
21 : 23 30 25 
22 : 23 14 
23 : 22 24 21 8 
24 : 23 44 75 28 38 
25 : 21 91 
26 : 68 58 49 31 
27 : 29 2 15 
28 : 30 47 19 24 34 
29 : 27 58 38 83 69 
30 : 28 21 14 3 
31 : 56 26 
32 : 33 91 90 40 
33 : 32 17 49 47 51 
34 : 100 84 28 56 
35 : 10 81 
36 : 38 100 60 
37 : 39 17 94 50 
38 : 36 29 43 55 24 
39 : 37 54 43 
40 : 41 14 50 62 32 
41 : 40 15 3 61 97 
42 : 44 51 47 
43 : 38 8 39 89 90 
44 : 45 42 11 24 57 53 
45 : 44 46 48 77 
46 : 45 1 51 
47 : 16 28 33 42 
48 : 45 51 95 58 
49 : 33 11 9 26 99 
50 : 40 66 37 
51 : 53 42 48 33 46 
52 : 7 88 93 83 74 78 
53 : 51 3 44 
54 : 39 78 89 67 
55 : 38 16 
56 : 31 97 68 79 99 34 
57 : 58 59 44 95 
58 : 57 29 26 48 66 
59 : 57 61 7 87 94 
60 : 63 36 
61 : 59 13 92 41 75 63 
62 : 64 40 
63 : 60 20 83 61 
64 : 62 17 2 
65 : 66 98 1 
66 : 65 50 58 
67 : 68 7 54 
68 : 67 70 12 26 56 97 
69 : 73 29 
70 : 71 68 72 
71 : 70 72 73 100 
72 : 71 70 77 83 
73 : 71 69 11 100 78 
74 : 4 52 87 
75 : 6 24 61 79 
76 : 94 85 
77 : 72 83 45 13 
78 : 79 20 54 73 52 
79 : 78 81 56 75 
80 : 13 99 84 
81 : 82 79 17 35 19 91 
82 : 81 17 86 89 
83 : 85 19 77 63 29 52 72 
84 : 34 80 90 
85 : 83 20 76 94 
86 : 5 3 82 92 
87 : 1 59 74 
88 : 90 9 52 
89 : 15 92 43 54 82 
90 : 88 7 32 84 43 
91 : 32 25 81 99 
92 : 94 89 61 20 86 
93 : 95 52 
94 : 92 7 76 37 85 59 
95 : 93 8 14 48 57 
96 : 98 15 
97 : 56 68 41 
98 : 96 65 16 
99 : 80 56 49 91 
100 : 34 36 73 71 
