1 : 100 99 14 28 
2 : 100 13 28 
3 : 76 23 89 51 
4 : 95 90 92 35 37 40 
5 : 40 44 81 29 
6 : 91 57 
7 : 74 62 91 72 85 
8 : 70 16 34 95 
9 : 10 11 12 
10 : 9 11 26 91 
11 : 10 9 67 53 98 99 43 
12 : 9 94 52 
13 : 14 15 2 
14 : 13 16 1 45 
15 : 16 13 83 47 
16 : 15 14 18 94 8 64 
17 : 18 32 38 
18 : 17 16 51 56 63 83 
19 : 42 49 
20 : 80 24 33 63 
21 : 67 41 
22 : 52 93 39 66 
23 : 3 80 89 
24 : 26 20 87 49 
25 : 56 34 
26 : 24 36 10 95 29 93 
27 : 80 43 
28 : 39 1 2 96 
29 : 82 5 26 50 
30 : 82 78 42 
31 : 78 39 69 52 46 
32 : 17 97 
33 : 20 75 55 
34 : 35 25 8 
35 : 34 91 4 56 
36 : 26 79 60 74 
37 : 58 4 75 
38 : 60 65 17 73 
39 : 28 31 22 71 
40 : 5 50 64 4 
41 : 51 83 21 58 79 
42 : 19 68 30 97 48 
43 : 44 11 27 55 77 
44 : 43 5 71 
45 : 14 76 97 67 
46 : 78 68 31 71 
47 : 95 15 61 
48 : 89 42 
49 : 78 19 24 
50 : 51 40 29 
51 : 50 18 41 85 84 3 
52 : 22 84 89 12 31 75 
53 : 11 70 
54 : 55 56 
55 : 54 78 43 33 
56 : 54 25 18 35 92 
57 : 72 6 66 
58 : 60 37 100 41 
59 : 60 67 70 94 
60 : 59 58 62 38 36 
61 : 62 47 
62 : 61 60 7 74 
63 : 82 18 20 74 
64 : 40 74 97 16 89 
65 : 38 99 
66 : 100 77 57 22 87 97 
67 : 11 21 59 86 45 
68 : 70 42 46 76 86 
69 : 31 91 
70 : 71 68 72 8 79 53 59 
71 : 70 93 82 39 44 46 
72 : 70 57 93 7 98 
73 : 75 92 38 
74 : 76 7 64 36 62 63 
75 : 73 99 33 52 37 90 
76 : 74 3 45 84 68 
77 : 66 43 81 
78 : 31 46 49 55 30 81 
79 : 36 70 41 
80 : 82 20 27 23 
81 : 5 78 77 
82 : 80 84 29 30 63 71 
83 : 41 88 15 18 
84 : 82 52 76 51 95 
85 : 86 51 7 
86 : 85 67 95 68 
87 : 24 66 
88 : 90 83 92 
89 : 48 52 3 23 64 
90 : 88 4 75 
91 : 6 35 7 69 10 98 
92 : 73 4 56 88 
93 : 71 72 22 26 
94 : 16 12 59 
95 : 4 47 86 26 84 8 
96 : 97 98 28 
97 : 96 64 32 42 45 66 
98 : 96 11 72 91 
99 : 1 75 11 65 
100 : 1 2 58 66 
