1 : 39 9 88 83 
2 : 57 36 26 55 
3 : 13 51 100 87 
4 : 6 10 
5 : 36 60 
6 : 7 4 17 79 42 62 
7 : 6 43 92 
8 : 64 22 98 
9 : 1 24 35 
10 : 4 58 65 
11 : 13 23 
12 : 37 67 21 15 56 
13 : 11 3 27 88 80 21 
14 : 76 30 33 24 
15 : 16 12 
16 : 15 71 95 41 
17 : 6 92 
18 : 40 25 27 52 
19 : 32 57 81 
20 : 21 71 77 
21 : 20 45 95 12 13 
22 : 8 93 
23 : 11 80 53 82 66 
24 : 9 60 14 81 
25 : 26 48 80 90 18 97 
26 : 25 27 2 40 
27 : 26 13 54 18 
28 : 71 86 
29 : 44 90 98 
30 : 14 47 76 57 
31 : 32 90 94 
32 : 31 34 19 72 92 
33 : 35 66 70 14 
34 : 32 36 58 
35 : 36 33 37 9 
36 : 35 34 38 5 74 2 
37 : 35 12 85 74 89 
38 : 39 36 68 
39 : 38 1 83 89 53 84 
40 : 41 18 69 26 67 
41 : 40 42 16 
42 : 41 44 50 86 6 82 
43 : 7 84 73 76 47 95 
44 : 45 42 29 65 81 49 
45 : 44 21 89 54 52 90 
46 : 47 78 65 
47 : 46 49 30 43 100 
48 : 25 96 60 54 
49 : 47 74 44 
50 : 51 52 42 
51 : 50 3 55 63 64 
52 : 50 72 45 18 
53 : 23 39 
54 : 27 45 48 
55 : 51 2 93 
56 : 85 12 76 
57 : 2 19 30 
58 : 60 10 34 75 83 
59 : 60 76 73 92 
60 : 59 58 24 5 48 61 
61 : 92 60 83 
62 : 66 85 98 6 
63 : 75 51 84 79 
64 : 65 8 51 
65 : 64 44 10 46 97 
66 : 67 33 62 23 83 
67 : 66 12 40 
68 : 100 38 73 
69 : 40 72 
70 : 33 85 
71 : 73 16 28 20 72 87 100 
72 : 32 52 71 69 91 
73 : 71 43 68 59 
74 : 75 36 49 97 37 86 
75 : 74 76 58 63 99 
76 : 75 14 43 30 59 56 
77 : 79 99 20 
78 : 79 84 46 86 
79 : 78 77 6 63 
80 : 23 25 13 84 
81 : 82 19 44 24 
82 : 81 23 42 
83 : 39 58 61 66 1 
84 : 43 78 63 80 39 
85 : 87 37 56 62 70 
86 : 88 42 28 74 78 
87 : 85 71 3 
88 : 86 90 13 1 
89 : 45 97 39 37 
90 : 88 25 29 31 45 
91 : 92 72 96 99 
92 : 91 61 32 7 17 59 
93 : 94 22 55 
94 : 93 95 31 
95 : 94 21 16 43 
96 : 98 48 91 
97 : 89 74 25 65 
98 : 96 62 8 29 
99 : 100 77 75 91 
100 : 99 68 71 3 47 
