1 : 29 4 35 43 91 13 5 76 
2 : 73 37 83 
3 : 35 53 17 13 57 
4 : 6 1 49 
5 : 44 1 
6 : 4 76 36 7 
7 : 64 6 26 9 25 
8 : 34 84 58 
9 : 66 54 79 96 7 91 92 
10 : 11 16 40 77 
11 : 10 87 89 78 
12 : 14 42 28 86 35 
13 : 50 1 3 46 
14 : 12 16 81 
15 : 51 67 82 
16 : 14 10 73 
17 : 19 87 29 3 
18 : 19 48 98 99 63 
19 : 18 17 49 60 62 85 
20 : 22 23 89 97 
21 : 43 55 69 44 
22 : 20 85 90 
23 : 24 20 93 94 
24 : 23 51 30 
25 : 96 7 
26 : 28 50 7 89 
27 : 29 95 34 57 
28 : 26 30 12 74 80 
29 : 27 31 1 17 48 75 86 
30 : 31 28 32 24 
31 : 30 32 29 33 60 
32 : 31 33 30 43 
33 : 32 31 44 87 
34 : 8 27 63 69 
35 : 3 1 12 51 
36 : 38 6 41 
37 : 2 81 84 54 
38 : 36 40 97 83 96 
39 : 55 46 100 42 53 62 
40 : 38 57 90 100 10 98 
41 : 36 80 
42 : 12 81 39 
43 : 45 21 1 56 78 32 
44 : 5 33 91 21 52 95 
45 : 43 66 100 
46 : 39 13 
47 : 53 69 
48 : 18 66 73 29 
49 : 19 78 77 82 99 4 61 67 
50 : 13 26 64 72 96 99 
51 : 52 15 24 35 
52 : 51 80 44 98 
53 : 47 3 39 71 
54 : 9 37 59 
55 : 39 21 96 74 
56 : 58 43 65 94 100 
57 : 40 27 3 
58 : 56 63 88 8 
59 : 60 54 77 
60 : 59 19 31 79 
61 : 62 49 
62 : 61 19 39 
63 : 58 34 18 
64 : 7 50 75 76 79 
65 : 56 76 
66 : 9 45 48 74 
67 : 15 49 81 93 
68 : 87 73 
69 : 70 71 21 34 47 
70 : 69 80 100 
71 : 72 69 53 
72 : 71 50 91 
73 : 2 48 16 68 81 
74 : 28 66 55 
75 : 64 95 29 90 
76 : 6 64 65 1 
77 : 49 59 10 
78 : 49 43 93 11 
79 : 9 64 60 
80 : 82 52 70 28 41 84 
81 : 14 42 37 73 67 
82 : 80 49 15 90 
83 : 38 97 2 99 
84 : 37 8 80 
85 : 86 87 22 92 19 
86 : 85 12 29 
87 : 88 85 11 17 68 33 97 
88 : 87 58 89 
89 : 20 11 88 26 
90 : 40 22 82 75 
91 : 44 1 72 9 
92 : 85 9 
93 : 78 23 67 
94 : 56 23 
95 : 96 27 75 44 
96 : 95 25 9 50 55 38 
97 : 38 83 87 20 
98 : 18 40 52 
99 : 49 18 83 50 
100 : 40 39 45 70 56 
