1 : 99 82 17 
2 : 78 18 
3 : 34 28 70 37 
4 : 96 26 
5 : 6 36 29 52 
6 : 5 8 50 34 
7 : 100 81 
8 : 9 6 10 48 
9 : 8 11 63 43 57 83 
10 : 11 8 58 78 
11 : 10 9 19 100 31 44 
12 : 28 17 94 
13 : 69 42 44 62 32 
14 : 28 99 61 78 
15 : 92 61 69 
16 : 17 31 
17 : 16 19 12 26 1 
18 : 71 2 56 
19 : 20 17 11 86 47 
20 : 19 21 22 
21 : 20 22 98 41 
22 : 21 20 31 36 40 42 84 
23 : 25 99 38 
24 : 49 64 54 
25 : 23 27 46 30 92 64 
26 : 28 17 47 52 62 75 4 70 96 
27 : 25 29 48 39 87 93 36 
28 : 26 12 14 3 84 31 
29 : 27 38 5 84 35 41 
30 : 25 69 
31 : 22 62 11 16 28 55 
32 : 33 59 13 
33 : 32 34 50 93 
34 : 33 3 89 41 6 62 
35 : 91 29 50 92 
36 : 5 22 27 87 
37 : 74 3 
38 : 29 79 80 23 
39 : 27 56 83 91 
40 : 98 22 82 
41 : 34 70 21 29 45 
42 : 13 76 22 
43 : 45 9 58 
44 : 13 11 
45 : 43 98 41 80 
46 : 25 83 60 49 
47 : 49 26 19 
48 : 27 55 8 
49 : 50 47 24 46 86 
50 : 49 51 6 33 35 76 
51 : 50 84 80 
52 : 26 5 
53 : 54 82 72 
54 : 53 91 24 
55 : 48 71 69 31 58 
56 : 39 79 18 73 
57 : 83 9 88 
58 : 10 55 43 
59 : 61 32 
60 : 62 46 95 
61 : 59 15 14 
62 : 60 31 26 13 34 
63 : 9 68 85 79 
64 : 65 24 25 
65 : 64 84 80 
66 : 67 90 
67 : 66 81 97 
68 : 70 63 71 
69 : 13 55 15 30 79 77 
70 : 68 41 81 3 26 
71 : 72 18 55 68 90 78 
72 : 71 92 53 100 
73 : 75 95 56 
74 : 76 37 97 
75 : 73 77 26 91 97 
76 : 74 42 50 100 
77 : 75 82 69 
78 : 79 2 10 71 14 
79 : 78 38 56 63 69 85 
80 : 38 96 51 65 45 
81 : 83 67 70 7 
82 : 1 77 53 40 
83 : 81 46 57 39 9 
84 : 51 65 28 29 22 89 
85 : 87 63 79 
86 : 88 19 49 
87 : 85 27 88 36 
88 : 86 87 57 
89 : 90 34 84 
90 : 89 92 71 66 
91 : 92 35 54 39 75 
92 : 91 90 15 72 25 35 
93 : 27 33 
94 : 96 97 12 
95 : 96 73 60 
96 : 95 94 4 80 26 
97 : 98 74 94 67 75 
98 : 97 100 40 45 21 
99 : 100 1 23 14 
100 : 99 98 7 11 72 76 
