1 : 100 42 31 33 
2 : 54 61 
3 : 26 23 
4 : 9 60 88 
5 : 36 58 57 99 
6 : 63 10 70 
7 : 8 9 50 
8 : 7 9 30 
9 : 8 7 4 20 89 
10 : 6 25 26 
11 : 69 76 93 
12 : 13 14 15 34 98 
13 : 12 56 84 69 
14 : 15 12 42 67 49 82 
15 : 14 12 96 31 
16 : 17 28 
17 : 16 53 23 35 
18 : 65 66 63 
19 : 55 49 
20 : 21 9 82 84 
21 : 20 53 62 27 
22 : 24 72 41 
23 : 17 39 72 3 94 
24 : 22 96 38 47 
25 : 10 35 89 70 
26 : 3 67 90 10 48 33 
27 : 28 81 98 21 80 
28 : 27 30 100 16 29 
29 : 86 32 28 
30 : 31 28 34 56 86 8 85 
31 : 30 1 15 
32 : 29 70 
33 : 52 46 1 26 
34 : 30 53 12 90 
35 : 25 67 17 86 
36 : 5 54 88 78 
37 : 38 39 
38 : 37 24 69 91 58 
39 : 37 23 75 79 
40 : 43 88 44 81 
41 : 22 58 
42 : 44 1 14 
43 : 44 40 70 93 
44 : 43 42 85 49 40 
45 : 46 47 
46 : 45 48 33 60 
47 : 45 98 64 99 24 67 69 78 
48 : 49 46 50 61 26 55 
49 : 48 44 62 71 19 14 95 
50 : 48 7 99 
51 : 67 95 68 
52 : 33 59 89 
53 : 55 17 21 34 59 
54 : 55 2 36 72 
55 : 54 56 53 19 92 48 
56 : 55 13 30 90 
57 : 59 63 5 
58 : 5 41 38 
59 : 60 57 52 53 
60 : 59 4 46 62 
61 : 48 2 74 
62 : 49 21 60 
63 : 6 57 78 18 83 
64 : 66 47 67 
65 : 67 18 96 88 
66 : 64 73 18 74 
67 : 65 26 51 35 14 47 64 
68 : 69 51 
69 : 68 11 38 13 47 
70 : 72 82 6 25 32 43 
71 : 73 49 
72 : 70 22 23 96 54 88 
73 : 71 75 66 80 95 77 
74 : 76 84 87 61 66 
75 : 76 73 77 39 
76 : 75 74 78 11 
77 : 75 98 73 100 
78 : 76 63 89 36 47 
79 : 93 39 
80 : 73 86 27 
81 : 27 40 
82 : 70 20 14 
83 : 86 63 
84 : 86 74 13 20 91 
85 : 86 87 44 30 
86 : 85 84 88 29 80 83 30 35 
87 : 85 74 99 
88 : 86 36 93 4 40 72 65 
89 : 91 78 25 9 52 
90 : 26 56 34 
91 : 92 89 38 84 
92 : 91 94 55 
93 : 79 88 11 43 
94 : 95 92 96 23 
95 : 94 73 51 49 
96 : 94 24 65 72 15 99 
97 : 98 99 
98 : 97 47 77 27 12 
99 : 97 47 50 87 96 5 
100 : 1 28 77 
