1 : 69 100 7 
2 : 3 41 88 31 78 
3 : 2 79 84 63 94 
4 : 6 33 32 38 5 35 
5 : 6 88 4 
6 : 5 4 42 50 9 
7 : 86 50 1 15 
8 : 9 16 24 40 14 
9 : 8 61 6 
10 : 91 59 27 
11 : 79 58 
12 : 13 27 
13 : 12 34 33 
14 : 68 99 8 24 39 70 
15 : 29 49 7 
16 : 8 72 63 67 
17 : 18 78 75 
18 : 17 20 85 61 
19 : 21 98 82 
20 : 18 48 91 
21 : 22 19 29 46 66 99 
22 : 21 23 24 
23 : 22 92 24 
24 : 22 8 14 23 50 
25 : 26 27 28 57 74 86 
26 : 25 42 52 
27 : 28 25 91 12 10 
28 : 27 30 25 55 89 80 
29 : 31 15 21 99 
30 : 28 84 66 74 93 
31 : 29 80 2 36 
32 : 34 4 
33 : 4 72 13 84 37 48 
34 : 32 36 13 46 60 53 97 
35 : 74 4 
36 : 34 69 54 93 31 
37 : 93 33 46 75 
38 : 40 4 51 
39 : 49 14 
40 : 38 8 43 99 60 77 
41 : 43 2 67 92 
42 : 6 26 97 58 
43 : 41 45 40 
44 : 98 59 83 66 
45 : 43 100 92 
46 : 34 21 87 37 
47 : 49 75 65 
48 : 20 75 51 80 33 
49 : 47 51 39 15 
50 : 7 6 24 96 
51 : 49 48 38 
52 : 53 26 71 
53 : 52 70 34 
54 : 36 75 
55 : 28 73 
56 : 95 64 73 
57 : 25 63 74 84 
58 : 59 11 42 68 
59 : 58 61 44 10 62 
60 : 34 40 
61 : 59 9 18 66 91 
62 : 63 59 
63 : 62 57 16 3 
64 : 65 92 56 98 
65 : 64 69 47 95 
66 : 21 30 61 44 
67 : 41 16 
68 : 69 14 94 58 95 
69 : 68 71 1 36 65 75 98 87 
70 : 53 95 100 14 76 
71 : 69 82 52 83 
72 : 33 16 98 
73 : 74 55 56 88 
74 : 73 35 25 57 30 96 
75 : 76 47 48 69 17 54 37 
76 : 75 85 90 70 
77 : 78 40 
78 : 77 17 2 
79 : 80 81 3 11 
80 : 79 31 48 28 
81 : 82 79 83 
82 : 81 71 19 83 86 100 
83 : 84 81 85 44 71 82 
84 : 83 30 93 3 33 57 
85 : 86 83 87 18 76 97 
86 : 85 7 25 82 
87 : 85 46 69 
88 : 5 2 73 
89 : 91 28 
90 : 92 76 
91 : 89 10 27 20 61 
92 : 90 23 64 45 41 
93 : 37 84 36 30 
94 : 68 3 
95 : 56 70 100 68 65 
96 : 97 50 74 
97 : 96 42 85 34 
98 : 100 19 44 69 64 72 
99 : 14 21 40 29 
100 : 98 45 95 70 1 82 
