1 : 84 8 14 94 67 
2 : 4 7 96 30 
3 : 78 19 35 84 87 
4 : 2 91 25 64 100 
5 : 14 22 68 60 
6 : 8 58 
7 : 2 10 73 62 
8 : 6 10 1 83 
9 : 60 64 84 
10 : 8 7 64 51 45 75 99 
11 : 92 37 
12 : 13 52 
13 : 12 15 81 30 16 82 
14 : 5 1 17 
15 : 13 27 66 
16 : 33 13 50 
17 : 72 14 63 34 
18 : 19 83 39 
19 : 18 21 3 31 67 48 
20 : 22 33 
21 : 19 97 77 72 23 
22 : 20 5 85 
23 : 86 21 
24 : 25 84 95 98 40 
25 : 24 27 100 99 4 
26 : 28 54 83 89 
27 : 25 29 15 86 79 
28 : 26 95 52 85 72 94 
29 : 30 27 66 
30 : 29 13 43 2 47 
31 : 19 81 77 
32 : 45 84 
33 : 16 20 76 45 94 62 
34 : 67 17 
35 : 3 92 72 
36 : 37 38 82 
37 : 36 71 11 57 
38 : 36 40 48 61 63 
39 : 56 91 18 97 
40 : 38 70 24 66 
41 : 83 85 
42 : 43 63 93 92 
43 : 42 30 64 
44 : 46 98 90 
45 : 32 33 10 50 
46 : 44 71 56 
47 : 48 98 30 
48 : 47 38 91 86 19 
49 : 50 51 90 
50 : 49 59 45 16 55 65 92 
51 : 49 10 71 54 
52 : 28 12 88 68 85 
53 : 54 55 
54 : 53 26 63 51 98 
55 : 53 91 50 
56 : 57 39 74 46 62 71 80 
57 : 56 59 98 87 97 37 
58 : 59 6 75 86 91 
59 : 58 60 57 50 98 
60 : 59 9 78 5 75 
61 : 88 38 74 
62 : 70 7 56 33 
63 : 54 42 69 100 17 38 
64 : 10 98 9 43 4 93 
65 : 66 50 81 
66 : 65 93 15 29 40 70 
67 : 34 19 1 78 88 
68 : 5 52 
69 : 63 78 
70 : 71 40 62 66 
71 : 70 37 46 91 51 56 79 
72 : 73 17 21 28 35 77 
73 : 72 75 7 
74 : 56 61 
75 : 76 73 58 60 10 
76 : 75 77 78 33 
77 : 76 21 31 72 
78 : 76 3 60 94 69 67 
79 : 27 71 
80 : 81 56 
81 : 80 13 31 65 
82 : 36 13 
83 : 41 26 18 8 
84 : 1 24 3 32 9 
85 : 28 22 41 52 
86 : 23 27 48 58 
87 : 57 3 
88 : 89 61 52 67 
89 : 88 90 26 
90 : 89 44 49 
91 : 4 48 55 71 39 58 
92 : 93 11 35 42 50 
93 : 92 66 42 64 
94 : 78 100 1 33 28 
95 : 97 28 24 
96 : 98 2 
97 : 95 21 57 39 
98 : 96 44 57 64 47 24 59 54 
99 : 25 10 
100 : 25 94 63 4 
