1 : 17 44 45 65 59 66 
2 : 100 29 3 46 74 56 
3 : 5 2 29 
4 : 5 33 49 60 75 93 86 38 
5 : 4 3 95 52 50 8 
6 : 7 8 71 81 
7 : 6 9 20 99 
8 : 6 14 22 5 
9 : 10 7 50 89 
10 : 9 12 33 
11 : 71 90 
12 : 10 60 51 63 
13 : 24 36 85 50 
14 : 8 39 81 17 46 
15 : 53 61 52 57 
16 : 26 90 52 
17 : 1 48 84 14 94 
18 : 70 34 95 19 39 64 
19 : 83 87 18 45 
20 : 7 67 52 
21 : 22 29 63 80 42 
22 : 21 8 66 54 97 
23 : 35 29 91 
24 : 13 72 69 52 78 
25 : 69 35 71 72 32 
26 : 16 60 74 
27 : 28 64 85 
28 : 27 71 43 
29 : 2 21 23 3 
30 : 88 92 82 
31 : 32 48 77 70 
32 : 31 34 49 25 35 44 
33 : 10 4 90 88 
34 : 32 36 18 
35 : 23 25 32 
36 : 34 38 13 
37 : 39 60 53 100 90 
38 : 36 70 4 
39 : 37 14 73 18 
40 : 97 66 76 92 
41 : 42 67 68 93 49 
42 : 41 93 21 67 
43 : 91 28 70 
44 : 1 32 
45 : 1 19 
46 : 2 14 
47 : 48 56 62 76 
48 : 47 17 31 100 65 
49 : 32 4 86 41 
50 : 54 5 9 13 76 75 
51 : 71 91 12 83 
52 : 5 15 16 20 24 
53 : 55 15 37 80 
54 : 50 61 22 
55 : 53 59 92 
56 : 47 2 59 
57 : 58 15 
58 : 57 59 60 89 
59 : 58 60 55 56 1 61 
60 : 59 58 62 12 26 37 4 
61 : 54 15 82 59 
62 : 60 64 47 82 
63 : 21 94 12 
64 : 62 68 27 18 
65 : 66 78 98 1 48 
66 : 65 40 22 1 
67 : 20 41 42 75 98 
68 : 64 41 88 87 72 74 
69 : 25 91 24 100 83 
70 : 18 38 87 43 31 
71 : 11 28 51 25 95 6 
72 : 24 25 68 86 
73 : 39 94 81 
74 : 2 26 68 
75 : 4 67 50 79 
76 : 40 47 50 80 94 
77 : 96 31 95 
78 : 65 24 
79 : 91 75 
80 : 21 76 53 
81 : 14 73 6 
82 : 61 30 62 87 
83 : 19 99 51 69 
84 : 17 97 89 
85 : 13 27 
86 : 49 4 72 
87 : 70 19 68 82 
88 : 30 68 33 
89 : 58 84 9 
90 : 16 11 33 37 
91 : 43 69 79 51 99 23 
92 : 30 40 55 93 
93 : 95 42 4 41 92 
94 : 73 63 17 76 
95 : 93 97 5 71 18 77 
96 : 97 98 77 
97 : 96 95 40 84 22 
98 : 96 65 67 
99 : 83 91 7 
100 : 2 37 48 69 
