1 : 99 79 98 3 
2 : 3 96 
3 : 2 16 1 
4 : 5 88 
5 : 4 12 96 19 
6 : 8 94 18 96 13 
7 : 23 99 
8 : 6 79 43 39 56 98 
9 : 10 67 41 
10 : 9 13 91 92 
11 : 76 66 85 97 91 80 
12 : 5 33 71 
13 : 10 56 6 23 42 47 
14 : 65 58 75 23 29 
15 : 46 45 58 
16 : 3 87 65 
17 : 32 38 80 85 
18 : 6 23 29 50 79 48 
19 : 84 5 
20 : 23 77 99 55 
21 : 23 64 45 
22 : 25 97 79 
23 : 21 7 20 18 76 14 13 
24 : 34 35 
25 : 26 22 97 92 
26 : 25 27 59 69 49 50 
27 : 26 75 47 56 93 
28 : 30 41 65 90 
29 : 18 73 78 14 33 
30 : 28 38 45 
31 : 33 41 62 84 
32 : 17 90 69 96 
33 : 31 12 41 68 87 29 54 
34 : 36 24 87 76 
35 : 36 53 24 95 74 
36 : 35 37 34 62 
37 : 36 39 72 
38 : 30 17 41 
39 : 37 56 8 67 89 
40 : 82 53 
41 : 43 28 31 33 77 9 38 
42 : 43 13 87 
43 : 42 41 8 96 45 72 85 
44 : 45 46 57 
45 : 44 21 15 30 43 
46 : 44 15 52 70 
47 : 27 13 60 
48 : 49 60 18 86 
49 : 48 86 26 
50 : 18 26 
51 : 70 85 
52 : 46 64 100 97 
53 : 35 40 88 
54 : 68 33 
55 : 59 20 
56 : 13 39 78 27 8 
57 : 44 97 63 73 
58 : 14 65 15 
59 : 55 26 77 
60 : 48 47 
61 : 70 76 71 
62 : 64 31 83 36 
63 : 81 57 84 
64 : 62 66 21 52 92 
65 : 14 58 16 28 
66 : 64 11 72 89 75 
67 : 9 39 79 
68 : 70 54 33 
69 : 70 71 26 32 94 
70 : 69 68 51 61 73 46 84 
71 : 72 69 12 61 
72 : 71 37 66 43 
73 : 70 29 57 
74 : 75 35 78 
75 : 74 27 14 95 99 66 
76 : 11 23 98 61 34 
77 : 79 41 20 59 
78 : 56 29 74 
79 : 77 1 8 18 67 22 
80 : 17 11 
81 : 83 63 85 
82 : 83 40 86 
83 : 82 81 85 62 
84 : 19 31 70 63 
85 : 83 81 11 17 51 43 
86 : 49 91 48 82 97 
87 : 16 34 33 42 
88 : 89 90 4 53 
89 : 88 90 66 39 100 
90 : 89 91 88 32 28 
91 : 90 86 10 11 97 
92 : 93 64 10 25 
93 : 92 94 27 
94 : 93 95 6 69 
95 : 94 75 35 99 97 
96 : 6 2 5 43 32 
97 : 11 22 25 52 57 86 91 95 
98 : 76 1 8 
99 : 1 75 7 20 95 
100 : 52 89 
