1 499
499 1
2 229
229 416
360 36
416 417
417 416
36 360
416 229
149 147
463 417
147 165
229 2
417 463
165 147
395 384
384 395
350 463
400 438
99 302
438 134
302 99
134 11
118 165
165 118
228 225
463 350
397 384
225 228
11 134
301 302
343 118
384 397
16 99
118 343
302 301
352 84
338 336
84 60
60 84
106 95
162 225
225 162
95 255
336 308
488 184
88 84
99 16
255 95
260 377
84 352
84 88
184 220
460 242
377 260
277 278
147 149
278 277
335 267
499 360
220 184
357 60
134 438
308 309
133 134
309 308
76 318
242 460
267 335
431 500
134 133
500 431
60 357
314 377
184 488
318 76
95 106
114 113
377 314
113 114
294 287
438 400
83 164
261 259
363 463
53 242
38 225
463 363
164 79
242 53
380 149
259 261
287 294
280 71
93 4
490 220
4 93
453 374
466 415
225 38
90 377
311 267
71 280
374 373
377 90
415 236
79 164
9 30
245 134
373 374
390 389
486 287
236 413
267 311
339 318
349 351
30 95
389 390
366 294
291 268
469 67
328 327
91 16
351 349
379 407
413 236
28 325
67 469
268 291
189 187
325 108
318 339
374 453
264 243
407 56
187 188
337 114
80 79
149 380
220 490
287 486
327 328
202 469
108 109
243 489
109 108
294 366
174 475
329 441
468 191
489 243
56 469
201 147
164 83
79 80
441 329
114 337
191 190
127 258
147 201
74 351
188 207
371 373
475 457
351 74
190 429
429 190
258 409
134 245
492 490
409 258
222 67
270 32
341 288
67 222
490 492
159 309
457 475
82 80
32 394
16 91
80 82
171 412
190 191
223 458
207 188
391 109
474 318
288 341
23 389
458 128
412 275
475 174
309 159
394 177
469 202
469 56
300 329
177 401
493 253
389 23
128 458
275 104
236 415
69 495
104 275
250 249
253 493
95 30
232 182
168 159
495 69
318 474
329 300
462 351
109 391
373 371
364 366
3 344
458 223
182 232
132 500
249 321
366 364
258 127
308 336
212 214
108 325
401 459
485 273
356 354
500 132
362 364
351 462
417 99
116 69
45 128
172 174
254 239
415 466
148 23
128 45
219 497
364 362
344 3
65 63
358 103
214 212
191 468
273 105
126 54
192 193
105 273
23 148
103 358
239 254
487 285
305 21
321 249
218 220
120 224
69 116
461 373
354 356
497 65
285 487
21 305
406 380
224 120
188 187
30 9
54 126
459 401
63 65
421 307
193 192
498 30
263 495
15 262
312 313
216 114
278 390
237 209
87 116
307 421
313 312
197 400
256 65
144 464
276 103
174 172
401 177
181 22
30 498
6 5
435 21
243 264
124 254
315 12
129 226
103 276
275 412
209 237
5 6
220 218
27 26
152 164
325 28
12 315
22 181
130 159
226 129
254 124
439 236
164 152
357 261
495 263
464 465
26 24
418 462
151 290
427 51
236 439
21 435
249 250
116 87
290 151
159 168
159 130
465 464
473 475
114 216
233 238
177 394
424 105
373 461
393 400
355 353
24 26
105 424
322 434
437 438
238 233
66 73
262 15
51 427
353 355
484 107
100 316
65 497
65 256
73 66
154 477
157 257
440 29
369 370
462 418
438 437
380 406
477 97
257 157
155 432
320 410
376 233
496 321
212 233
400 197
97 477
434 322
428 103
422 167
410 166
235 237
107 484
316 318
161 63
187 189
360 499
56 407
282 152
63 161
464 144
55 56
72 201
400 393
273 485
388 15
178 262
478 476
251 238
166 410
475 473
432 155
399 158
477 154
103 428
167 422
476 478
238 251
410 320
29 440
93 349
370 368
446 188
297 455
356 371
237 235
126 275
288 305
479 484
321 496
141 140
455 297
254 318
367 159
318 316
15 388
484 479
152 282
140 141
211 293
52 320
56 55
493 492
233 376
201 72
397 260
188 446
158 399
368 370
98 97
114 95
433 95
327 3
159 367
293 385
319 201
46 331
385 293
201 319
262 178
331 281
160 221
280 460
281 375
221 160
61 63
293 211
320 52
48 179
414 412
283 170
375 281
296 14
169 170
17 19
342 31
398 399
101 455
14 296
196 194
344 181
399 398
19 35
31 342
180 368
370 369
63 61
97 98
170 283
35 19
8 7
450 388
194 196
448 331
66 312
179 48
185 61
445 420
394 32
89 440
281 331
324 400
455 101
145 233
299 25
443 387
233 145
176 49
7 8
420 445
387 443
497 219
279 476
456 375
323 324
6 155
316 100
192 191
141 197
400 324
49 136
232 457
412 171
331 46
228 2
426 158
267 474
388 450
210 455
25 299
476 279
412 414
409 358
19 17
342 140
404 271
181 344
203 498
57 8
440 89
329 16
271 404
77 78
285 437
331 448
61 185
117 443
37 444
136 49
375 456
368 180
78 378
158 426
447 212
443 117
224 144
8 57
326 357
378 333
34 415
444 37
449 450
212 447
312 66
407 379
95 433
423 176
390 278
205 121
382 293
455 210
450 449
333 378
112 180
293 382
357 326
498 203
170 169
144 224
261 469
33 269
432 478
478 432
43 271
227 471
347 65
492 493
121 205
160 418
243 124
83 84
292 293
269 33
471 227
453 133
65 347
415 34
196 116
296 297
322 69
443 238
26 27
32 270
392 390
402 298
20 224
378 78
298 402
59 240
271 43
234 333
238 443
358 409
129 427
240 59
333 234
390 392
411 186
472 158
306 34
330 411
49 176
3 327
293 292
224 20
34 306
430 265
307 320
186 411
180 112
135 33
386 269
237 239
78 77
265 430
158 472
44 392
336 338
422 305
410 388
324 323
248 460
64 3
269 386
151 104
3 64
408 41
404 406
58 409
381 131
69 322
98 8
33 135
317 254
254 317
409 58
391 493
227 450
467 240
155 6
493 391
411 330
240 467
35 37
299 174
121 411
359 360
92 273
484 193
372 370
494 284
233 212
157 226
138 58
131 381
41 408
429 431
388 410
58 138
284 494
176 423
360 359
370 372
283 29
298 376
460 248
392 44
40 179
376 298
445 97
198 308
273 92
179 40
217 215
375 317
297 296
8 98
215 217
81 419
361 139
405 494
68 298
139 403
308 198
419 81
211 210
59 169
403 139
304 217
29 283
137 135
298 68
494 405
231 123
244 405
458 485
295 106
173 481
123 231
106 295
430 170
355 69
427 95
408 20
349 93
318 254
69 355
286 139
460 280
95 114
217 304
234 474
139 361
139 286
143 142
481 173
39 411
153 10
37 35
142 143
135 137
10 153
175 173
239 237
340 497
252 254
381 136
20 408
457 232
405 244
303 405
497 340
210 211
405 303
480 481
346 431
254 252
173 175
481 480
97 445
124 243
170 430
50 199
70 480
472 395
81 158
450 227
480 70
199 50
411 39
431 346
275 126
466 314
99 417
491 244
143 248
244 491
179 55
156 349
153 286
200 20
349 156
122 254
254 122
188 105
305 422
94 70
116 196
70 94
27 364
317 375
110 238
291 53
272 318
315 369
123 248
20 200
136 381
318 272
53 291
454 99
369 315
238 110
451 41
248 143
248 123
437 285
41 451
320 307
289 110
173 324
431 429
169 59
247 197
485 458
18 150
50 343
217 219
364 27
150 18
110 289
219 217
406 404
250 379
104 151
115 102
99 454
405 197
174 299
102 115
16 329
85 213
150 316
418 160
213 85
411 121
42 59
105 188
436 437
316 150
286 153
401 478
437 436
59 42
478 401
33 346
146 147
168 351
197 247
346 33
95 427
260 397
351 168
115 133
2 228
147 146
469 261
305 288
474 234
213 146
146 213
163 86
133 453
474 267
191 192
452 453
312 278
133 115
453 452
324 173
75 133
86 163
246 173
133 75
173 246
55 179
119 246
197 405
197 141
246 119
427 129
163 153
343 50
314 466
371 356
395 472
153 163
482 141
141 482
493 494
1 2
131 197
140 342
261 357
144 145
111 205
205 111
379 250
193 484
226 157
158 81
414 261
84 83
328 329
161 399
263 432
365 193
127 4
361 261
444 36
154 260
440 190
193 365
223 222
376 438
425 483
155 431
195 197
232 239
205 301
197 195
315 317
483 425
239 232
294 250
4 127
317 315
442 239
125 127
204 425
239 442
400 395
162 460
127 125
404 405
341 339
460 162
431 155
425 204
255 302
432 263
206 179
307 401
179 206
339 341
278 312
483 330
330 483
401 307
348 161
161 348
190 440
2 1
455 457
457 455
302 255
36 444
334 455
455 334
395 400
301 205
197 131
208 209
405 404
329 328
209 208
494 493
241 38
38 241
438 376
399 161
261 414
145 144
260 154
261 361
183 304
304 183
222 223
250 294
278 280
4 401
401 4
311 202
149 36
280 278
202 311
36 149
47 389
389 47
332 248
470 129
129 470
248 332
96 13
13 96
96 287
287 96
316 66
468 100
66 316
100 468
230 232
232 230
274 62
62 274
345 383
383 345
62 64
396 354
354 396
383 338
338 383
64 62
310 16
16 310
266 115
115 266
